[2, 0.5925925925985212]
[2, 0.592592592627625]
[2, 0.5925925925985212]
[4, 0.29629629637202015]
[4, 0.31261569794151]
[4, 0.2962962963339417]
[4, 0.296296296294019]
[4, 0.3126156984158115]
[4, 0.29629629632108845]
[6, 0.1975308642249729]
[6, 0.2073166325559087]
[6, 0.19753086423837335]
[6, 0.20731663261497255]
[6, 0.20731663259357447]
[6, 0.19753086426089794]
[6, 0.1975308644305187]
[6, 0.20731663258345634]
[6, 0.20731663259994093]
[6, 0.197530864206783]
[8, 0.14814814816054422]
[8, 0.15443680658539227]
[8, 0.14814814815685898]
[8, 0.15630784915288132]
[8, 0.15443680656608194]
[8, 0.1481481481660012]
[8, 0.1544368066606694]
[8, 0.15630785018350934]
[8, 0.15443680655880598]
[8, 0.1481481481487208]
[8, 0.1481481481641822]
[8, 0.15443680656244396]
[8, 0.1563078489862164]
[8, 0.15443680655153003]
[8, 0.14814814815326827]
[10, 0.11851852849861189]
[10, 0.12286659388063978]
[10, 0.11851852713359609]
[10, 0.12481159327217028]
[10, 0.12286659406788658]
[10, 0.11851852491963655]
[10, 0.1248115932703513]
[10, 0.12481159325852786]
[10, 0.12286659387632426]
[10, 0.11851856814274697]
[10, 0.12286659404321654]
[10, 0.12481159333788128]
[10, 0.12481159326125635]
[10, 0.12286659389019405]
[10, 0.11851853140532853]
[10, 0.11851852928383266]
[10, 0.12286659394658273]
[10, 0.12481159325807312]
[10, 0.12481159435446898]
[10, 0.12286659389383203]
[10, 0.11851853783454658]
[12, 0.09876543211498756]
[12, 0.10194276018204687]
[12, 0.09876543211694361]
[12, 0.10365831631224864]
[12, 0.10194276013726267]
[12, 0.09876543211794342]
[12, 0.10420523265656811]
[12, 0.1036583163981959]
[12, 0.10194276010543035]
[12, 0.09876543215932543]
[12, 0.10365831638273448]
[12, 0.1042052327870806]
[12, 0.10365831634726419]
[12, 0.10194276020183679]
[12, 0.09876543212817523]
[12, 0.1019427601308962]
[12, 0.10365831660089952]
[12, 0.10420523285984018]
[12, 0.10365831633794187]
[12, 0.10194276013112358]
[12, 0.09876543210236832]
[12, 0.0987654321215814]
[12, 0.10194276014578918]
[12, 0.10365831634896949]
[12, 0.10420523265747761]
[12, 0.10365831629724198]
[12, 0.014108897846834218]
[12, 0.09876543225141177]
[14, 0.08465608472943131]
[14, 0.08707671096310164]
[14, 0.0846560847170501]
[14, 0.08853838898085087]
[14, 0.08707670994908767]
[14, 0.08465608471306041]
[14, 0.08923339989996748]
[14, 0.0885383889417426]
[14, 0.08707671105503323]
[14, 0.08465608476217312]
[14, 0.0892333999775019]
[14, 0.0892333998963295]
[14, 0.08853838895629451]
[14, 0.08707671000979644]
[14, 0.08465608511187384]
[14, 0.08853838894583532]
[14, 0.08923339990735712]
[14, 0.08923339995453716]
[14, 0.08853838929644553]
[14, 0.08707670996773231]
[14, 0.08465608467804486]
[14, 0.08707671023148578]
[14, 0.08853838896021671]
[14, 0.08923339990246859]
[14, 0.08853838897402966]
[14, 0.08707671013428353]
[14, 0.08465608466190133]
[14, 0.08465608469123254]
[14, 0.08707671277807094]
[14, 0.0885383890168896]
[14, 0.08923339990042223]
[14, 0.08923339989814849]
[14, 0.08853838925628565]
[14, 0.08707670998455797]
[16, 0.07407407411346867]
[16, 0.07597851434929336]
[16, 0.0740740741152065]
[16, 0.07721840332305874]
[16, 0.07597851435275516]
[16, 0.07407407409118605]
[16, 0.07792425493244082]
[16, 0.07721840327576501]
[16, 0.07597851434911718]
[16, 0.0740740741166519]
[16, 0.07815392836118917]
[16, 0.07792425578099937]
[16, 0.07721840330123086]
[16, 0.07597851434366021]
[16, 0.07407407410346423]
[16, 0.07792425523047086]
[16, 0.07815392458007864]
[16, 0.07792425498155353]
[16, 0.07721840328849794]
[16, 0.07597851997206817]
[16, 0.07407407408527433]
[16, 0.07721840338308539]
[16, 0.07792425516430512]
[16, 0.0781539245255658]
[16, 0.07792425500701938]
[16, 0.07721840327940299]
[16, 0.07597851433774849]
[16, 0.07407407409220923]
[16, 0.07597851450555027]
[16, 0.07721840330850682]
[16, 0.07792425502265132]
[16, 0.07815392462453019]
[16, 0.07792425501247635]
[16, 0.07721840326803431]
[16, 0.07597851433547476]
[16, 0.07407407407453093]
[16, 0.07407407411301392]
[16, 0.07597851472928596]
[16, 0.07721840331396379]
[16, 0.07792425499053479]
[16, 0.07815392447901104]
[16, 0.07792425494790223]
[16, 0.07721840328940743]
[16, 0.07597851438958969]
[16, 0.07407407410323685]
[18, 0.0658436214143876]
[18, 0.0673806248666985]
[18, 0.06584362371375913]
[18, 0.06843743390894019]
[18, 0.06738062484146212]
[18, 0.06584362139255973]
[18, 0.06910554569719096]
[18, 0.06843743327772245]
[18, 0.06738062485965202]
[18, 0.0658436214143876]
[18, 0.06943001749141331]
[18, 0.06910554421483539]
[18, 0.06843743324861862]
[18, 0.06738062484873808]
[18, 0.06584362296416657]
[18, 0.06943001747271182]
[18, 0.06943001750119038]
[18, 0.6103016759966005]
[18, 0.06843743502940924]
[18, 0.06738062483054819]
[18, 0.06584362141074962]
[18, 0.06910554424825932]
[18, 0.0694300174707223]
[18, 0.06943001746139998]
[18, 0.06910554421119741]
[18, 0.06843743326317053]
[18, 0.06738062486738272]
[18, 0.3178750499659643]
[18, 0.06843743330196617]
[18, 0.06910554451133066]
[18, 0.06943001758031642]
[18, 0.0694300174733371]
[18, 0.06910554419300752]
[18, 0.03828122046148023]
[18, 0.06738062495298891]
[18, 0.06584362140637268]
[18, 0.06738062487056595]
[18, 0.06843743324861862]
[18, 0.06910554451314965]
[18, 0.06943001747367816]
[18, 0.06943001746549271]
[18, 0.0691055442225661]
[18, 0.06674482877174313]
[18, 0.06738062486965646]
[18, 0.06584362139392397]
[18, 0.06584362141620659]
[18, 0.06738062485601404]
[18, 0.06843743329227436]
[18, 0.06910554739806685]
[18, 0.06943001747447397]
[18, 0.06910554422120185]
[18, 0.0684374332781772]
[18, 0.06738062487465868]
[18, 0.06584362139983568]