[[[0, 0, 0], [3, 0, 0], [3, 3, 0], [0, 3, 0], [0, 0, 3], [3, 0, 3], [3, 3, 3], [0, 3, 3]], [6.0008, 5.999, 5.9996]]
[[[0, 0, 0], [3, 3, 3], [3, 3, 0], [0, 0, 3], [3, 0, 3], [3, 0, 0], [1, 3, 0], [0, 3, 3], [0, 2, 0], [0, 3, 1]], [6.1355, 5.8647, 6.1357]]
[[[0, 0, 0], [3, 3, 3], [3, 3, 1], [0, 0, 3], [3, 2, 0], [3, 0, 3], [3, 0, 0], [2, 3, 0], [0, 2, 0], [1, 3, 0], [0, 3, 3], [0, 3, 1]], [6.0, 5.7409, 6.259]]
[[[0, 0, 0], [3, 3, 2], [3, 3, 1], [0, 0, 3], [3, 2, 3], [3, 2, 0], [3, 0, 3], [3, 0, 0], [0, 2, 0], [2, 3, 3], [2, 3, 0], [1, 3, 0], [0, 3, 1], [0, 3, 3]], [5.8765, 5.6132, 6.1236]]
[[[0, 0, 0], [3, 3, 1], [3, 2, 3], [0, 0, 3], [3, 2, 0], [3, 0, 3], [3, 0, 0], [2, 3, 3], [0, 2, 0], [2, 3, 0], [1, 3, 0], [0, 3, 3], [0, 3, 1]], [5.4142, 5.9018, 2.8391]]
[[[0, 0, 1], [3, 3, 1], [0, 0, 3], [0, 1, 0], [3, 2, 3], [3, 2, 0], [3, 0, 3], [0, 2, 0], [3, 0, 0], [2, 3, 3], [2, 3, 0], [0, 3, 1], [1, 3, 0], [0, 3, 3], [1, 0, 0]], [7.1894, 4.7977, 3.55]]
[[[0, 0, 2], [0, 0, 3], [0, 1, 0], [3, 3, 1], [3, 2, 3], [3, 2, 0], [0, 2, 0], [3, 0, 3], [3, 0, 0], [2, 3, 3], [0, 3, 1], [2, 3, 0], [0, 3, 3], [1, 0, 0], [1, 3, 0]], [5.8786, 1.5636, 8.329]]
[[[0, 0, 2], [0, 1, 0], [3, 3, 1], [3, 2, 3], [0, 1, 3], [0, 2, 0], [3, 2, 0], [3, 0, 3], [3, 0, 0], [0, 3, 1], [2, 3, 3], [0, 3, 3], [1, 0, 0], [2, 3, 0], [1, 3, 0], [1, 0, 3]], [5.4983, 4.0493, 1.0663]]
[[[0, 0, 2], [0, 1, 0], [3, 3, 1], [3, 2, 3], [0, 1, 3], [0, 2, 0], [3, 1, 0], [3, 0, 3], [3, 0, 0], [0, 3, 1], [2, 3, 3], [0, 3, 3], [1, 0, 0], [2, 3, 0], [1, 3, 0], [1, 0, 3]], [4.6096, 4.802, 1.0781]]
[[[0, 0, 2], [0, 1, 0], [3, 3, 1], [3, 2, 3], [0, 1, 3], [0, 2, 0], [3, 1, 0], [3, 0, 3], [3, 0, 0], [0, 3, 1], [2, 3, 3], [0, 3, 3], [1, 0, 0], [1, 3, 0], [1, 0, 3]], [4.1733, 1.3034, 0.4314]]
[[[0, 0, 2], [0, 1, 0], [3, 3, 1], [3, 2, 3], [0, 1, 3], [0, 2, 0], [3, 1, 0], [3, 0, 3], [3, 0, 0], [0, 3, 1], [1, 3, 3], [0, 3, 3], [1, 0, 0], [1, 3, 0], [1, 0, 3]], [1.5682, 6.8743, 2.6845]]
[[[0, 0, 2], [0, 1, 0], [3, 3, 1], [3, 2, 3], [0, 1, 3], [3, 1, 0], [3, 0, 3], [3, 0, 0], [0, 3, 1], [1, 3, 3], [0, 3, 3], [1, 0, 0], [1, 3, 0], [1, 0, 3]], [4.0432, 3.1826, 1.223]]
[[[0, 0, 2], [0, 1, 0], [3, 3, 1], [3, 2, 3], [0, 1, 3], [3, 1, 0], [3, 0, 3], [3, 0, 0], [0, 3, 1], [2, 2, 0], [0, 3, 3], [1, 0, 0], [1, 3, 3], [1, 2, 0], [1, 0, 3]], [1.1208, 4.1888, 2.1927]]
[[[0, 0, 2], [0, 1, 0], [3, 3, 1], [3, 2, 3], [0, 1, 3], [3, 1, 0], [3, 0, 3], [3, 0, 0], [0, 3, 1], [2, 2, 0], [0, 3, 3], [1, 0, 0], [1, 3, 3], [1, 0, 3]], [5.4462, 1.0872, 2.038]]
[[[0, 0, 2], [0, 1, 0], [3, 3, 1], [3, 1, 3], [0, 1, 3], [3, 1, 0], [3, 0, 3], [3, 0, 0], [0, 3, 1], [2, 2, 0], [0, 3, 3], [1, 0, 0], [1, 3, 3], [1, 0, 3]], [0.8628, 3.1437, 4.5857]]
[[[0, 0, 2], [0, 1, 0], [3, 3, 1], [3, 1, 3], [3, 1, 0], [3, 0, 3], [0, 2, 3], [0, 3, 1], [3, 0, 0], [0, 3, 3], [1, 0, 0], [2, 2, 0], [1, 3, 3], [1, 0, 3]], [3.12, 5.156, 0.2985]]
[[[0, 0, 2], [0, 1, 0], [3, 3, 1], [3, 1, 3], [3, 0, 3], [3, 0, 0], [0, 2, 3], [0, 3, 1], [2, 2, 0], [0, 3, 3], [1, 0, 0], [1, 3, 3], [1, 0, 3]], [1.6229, 1.3289, 2.957]]
[[[0, 0, 2], [0, 1, 0], [3, 3, 1], [3, 1, 3], [3, 0, 3], [3, 0, 0], [0, 2, 3], [0, 3, 2], [0, 3, 3], [1, 0, 0], [2, 2, 0], [1, 3, 3], [1, 0, 3], [1, 3, 1]], [5.8327, 0.419, 3.6144]]
[[[0, 0, 2], [0, 1, 0], [3, 3, 1], [3, 1, 3], [3, 0, 3], [3, 0, 1], [0, 2, 3], [0, 3, 2], [0, 3, 3], [1, 0, 0], [2, 2, 0], [2, 0, 0], [1, 0, 3], [1, 3, 3], [1, 3, 1]], [3.6063, 0.7699, 1.6809]]
[[[0, 0, 2], [0, 1, 0], [3, 3, 1], [3, 1, 3], [3, 0, 2], [3, 0, 1], [0, 2, 3], [0, 3, 2], [0, 3, 3], [1, 0, 0], [2, 2, 0], [2, 0, 3], [1, 0, 3], [2, 0, 0], [1, 3, 3], [1, 3, 1]], [1.3134, 3.5181, 5.4705]]
[[[0, 0, 2], [0, 1, 0], [3, 3, 1], [3, 1, 3], [0, 2, 1], [3, 0, 2], [0, 2, 3], [0, 3, 3], [1, 0, 0], [3, 0, 1], [2, 2, 0], [1, 0, 3], [2, 0, 3], [2, 0, 0], [1, 3, 3], [1, 3, 1]], [5.7699, 4.6649, 1.5609]]
[[[0, 0, 2], [0, 1, 0], [3, 3, 1], [3, 1, 3], [3, 0, 2], [0, 2, 3], [0, 3, 3], [1, 0, 0], [3, 0, 1], [2, 2, 0], [1, 0, 3], [2, 0, 3], [2, 0, 0], [1, 3, 3], [1, 3, 1]], [2.4997, 1.3188, 1.4172]]
[[[0, 0, 2], [0, 1, 0], [3, 3, 1], [3, 1, 3], [3, 0, 2], [0, 2, 3], [0, 3, 3], [1, 0, 0], [3, 0, 1], [2, 3, 2], [1, 0, 3], [2, 2, 3], [2, 2, 0], [2, 0, 3], [2, 0, 0], [1, 3, 1]], [3.0947, 4.7098, 3.3951]]
[[[0, 0, 2], [0, 1, 0], [3, 2, 2], [3, 2, 1], [3, 1, 3], [0, 2, 3], [0, 3, 3], [1, 0, 0], [3, 0, 2], [3, 0, 1], [1, 0, 3], [2, 3, 2], [2, 3, 1], [2, 2, 3], [2, 2, 0], [2, 0, 3], [2, 0, 0], [1, 3, 1]], [3.7158, 3.1716, 0.4985]]
[[[0, 0, 2], [0, 1, 0], [3, 2, 2], [3, 2, 1], [3, 1, 3], [0, 2, 3], [0, 3, 3], [1, 0, 0], [3, 1, 1], [3, 0, 2], [1, 0, 3], [2, 3, 2], [2, 3, 1], [2, 2, 3], [2, 2, 0], [2, 0, 3], [2, 0, 0], [1, 3, 1]], [1.277, 3.4983, 5.4061]]
[[[0, 0, 2], [0, 1, 0], [3, 2, 2], [3, 2, 1], [3, 1, 3], [0, 2, 3], [0, 3, 3], [1, 0, 0], [3, 1, 1], [3, 0, 2], [1, 0, 3], [2, 3, 2], [2, 3, 1], [2, 2, 0], [2, 0, 3], [2, 0, 0], [1, 3, 1]], [1.7559, 1.9876, 1.2874]]
[[[0, 0, 2], [0, 1, 1], [3, 2, 2], [3, 2, 1], [0, 2, 3], [0, 3, 3], [1, 0, 0], [3, 1, 3], [3, 1, 1], [1, 0, 3], [1, 1, 0], [3, 0, 2], [2, 3, 2], [2, 3, 1], [2, 2, 0], [2, 0, 3], [2, 0, 0], [1, 3, 1]], [2.2319, 4.8617, 4.6986]]
[[[0, 0, 2], [0, 1, 1], [3, 2, 2], [3, 2, 1], [0, 2, 3], [0, 3, 3], [1, 0, 0], [3, 1, 3], [3, 1, 1], [1, 0, 3], [1, 1, 0], [3, 0, 2], [2, 3, 2], [2, 3, 1], [2, 2, 0], [2, 0, 0], [1, 3, 1]], [1.3199, 4.9251, 2.4935]]
[[[0, 0, 2], [0, 1, 1], [3, 2, 2], [3, 2, 1], [0, 2, 3], [0, 3, 3], [1, 0, 0], [3, 1, 1], [3, 0, 2], [1, 0, 3], [1, 1, 0], [2, 3, 2], [2, 3, 1], [2, 2, 0], [2, 1, 3], [2, 0, 0], [1, 3, 1]], [1.7546, 2.5045, 1.5657]]
[[[0, 0, 2], [0, 1, 1], [3, 2, 2], [3, 2, 1], [0, 2, 3], [0, 3, 3], [3, 1, 1], [3, 0, 2], [1, 0, 3], [1, 1, 0], [2, 3, 2], [2, 3, 1], [2, 2, 0], [2, 1, 3], [2, 0, 0], [1, 3, 1]], [10.6099, 11.43, -12.4145]]
[[[0, 0, 2], [3, 2, 2], [0, 2, 2], [0, 2, 3], [0, 3, 3], [3, 2, 1], [3, 1, 1], [1, 0, 3], [1, 1, 0], [3, 0, 2], [2, 3, 2], [2, 3, 1], [2, 2, 0], [2, 1, 3], [2, 0, 0], [1, 3, 1]], [-0.4198, 1.8482, 1.603]]
[[[0, 0, 2], [3, 2, 2], [0, 2, 2], [0, 2, 3], [0, 3, 3], [3, 2, 1], [3, 1, 1], [1, 0, 3], [1, 1, 0], [3, 0, 2], [2, 3, 2], [2, 3, 1], [2, 1, 3], [2, 1, 0], [2, 0, 0], [1, 3, 1]], [1.486, 1.8483, 3.2378]]
[[[0, 1, 2], [0, 2, 2], [0, 2, 3], [0, 3, 3], [1, 0, 1], [3, 2, 2], [1, 0, 3], [1, 1, 0], [3, 2, 1], [3, 1, 1], [3, 0, 2], [2, 3, 2], [2, 3, 1], [2, 1, 3], [1, 3, 1], [2, 1, 0], [2, 0, 0]], [1.6151, 0.0911, 3.6139]]
[[[0, 1, 2], [0, 2, 2], [0, 2, 3], [0, 3, 3], [1, 0, 1], [3, 2, 2], [1, 0, 3], [1, 1, 0], [3, 2, 1], [3, 1, 2], [3, 1, 1], [2, 3, 2], [2, 3, 1], [2, 1, 3], [1, 3, 1], [2, 1, 0], [2, 0, 0], [2, 0, 2]], [0.6943, 1.2782, 0.5181]]
[[[0, 1, 2], [0, 2, 2], [0, 3, 3], [1, 0, 1], [3, 2, 2], [1, 0, 3], [1, 1, 0], [3, 2, 1], [3, 1, 2], [3, 1, 1], [2, 3, 2], [2, 3, 1], [2, 1, 3], [1, 3, 1], [2, 1, 0], [2, 0, 0], [2, 0, 2]], [0.3392, 3.2026, 1.4087]]
[[[0, 1, 2], [0, 2, 2], [0, 3, 3], [1, 0, 1], [3, 2, 2], [1, 0, 3], [1, 1, 0], [3, 2, 1], [3, 1, 2], [3, 1, 1], [2, 3, 2], [2, 3, 1], [2, 1, 3], [1, 3, 1], [2, 1, 0], [2, 0, 0], [2, 0, 1]], [0.5656, 0.2013, 4.6592]]
[[[0, 2, 2], [0, 3, 3], [1, 0, 1], [3, 2, 2], [1, 0, 3], [1, 1, 0], [3, 2, 1], [3, 1, 2], [3, 1, 1], [2, 3, 2], [2, 3, 1], [2, 1, 3], [1, 3, 1], [2, 1, 0], [2, 0, 0], [2, 0, 1]], [1.6249, 2.3772, 3.264]]
[[[0, 2, 2], [0, 3, 3], [1, 0, 1], [3, 2, 1], [1, 0, 3], [1, 1, 0], [3, 1, 2], [3, 1, 1], [2, 3, 2], [2, 3, 1], [2, 1, 3], [2, 1, 0], [1, 3, 1], [2, 0, 1], [2, 0, 0]], [-1.4753, -0.8082, 2.6613]]
[[[0, 2, 2], [1, 0, 1], [3, 2, 1], [1, 0, 3], [1, 1, 0], [3, 1, 2], [3, 1, 1], [2, 3, 2], [2, 3, 1], [2, 1, 3], [1, 2, 3], [1, 3, 1], [1, 3, 2], [2, 0, 0], [2, 0, 1], [2, 1, 0]], [-0.5125, 0.4501, 1.8248]]
[[[0, 2, 2], [1, 0, 1], [3, 2, 1], [1, 0, 3], [1, 1, 0], [3, 1, 2], [3, 1, 1], [2, 3, 2], [2, 3, 1], [2, 1, 3], [1, 2, 3], [1, 3, 2], [2, 0, 0], [2, 0, 1], [2, 1, 0]], [-0.7817, 0.4172, 0.5739]]
[[[0, 2, 2], [1, 0, 1], [3, 1, 2], [1, 0, 3], [1, 1, 0], [3, 1, 1], [2, 3, 2], [2, 3, 1], [2, 1, 3], [2, 1, 0], [1, 2, 3], [1, 3, 2], [2, 0, 0], [2, 0, 1]], [2.1741, 0.6413, 4.4715]]
[[[0, 2, 2], [1, 0, 1], [3, 1, 2], [1, 0, 3], [1, 1, 0], [3, 1, 1], [2, 3, 2], [2, 3, 1], [2, 1, 3], [2, 1, 0], [1, 2, 3], [1, 3, 2], [2, 0, 0]], [-0.8588, 0.1026, 1.5237]]
[[[0, 2, 2], [1, 0, 1], [1, 0, 2], [1, 1, 0], [3, 1, 2], [3, 1, 1], [1, 1, 3], [2, 3, 2], [2, 3, 1], [1, 2, 3], [1, 3, 2], [2, 0, 0], [2, 1, 0], [2, 1, 3]], [0.8097, 0.128, 3.2012]]
[[[0, 2, 2], [1, 0, 1], [1, 0, 2], [1, 1, 0], [3, 1, 2], [3, 1, 1], [1, 1, 3], [2, 3, 2], [2, 3, 1], [1, 2, 3], [1, 3, 2], [2, 1, 0], [2, 1, 3]], [0.2285, 2.1672, 0.2064]]
[[[0, 2, 2], [1, 0, 1], [1, 0, 2], [1, 1, 0], [3, 1, 2], [3, 1, 1], [1, 1, 3], [2, 3, 2], [2, 3, 1], [1, 2, 3], [2, 1, 0], [2, 1, 3]], [0.4262, 4.2364, 5.4682]]
[[[0, 2, 2], [1, 0, 1], [1, 0, 2], [1, 1, 0], [3, 1, 2], [2, 3, 2], [1, 1, 3], [2, 3, 1], [2, 1, 3], [1, 2, 3], [2, 1, 0]], [3.278, 1.7256, 1.5191]]
[[[0, 2, 2], [1, 0, 1], [1, 0, 2], [1, 1, 0], [3, 1, 2], [2, 3, 2], [1, 1, 3], [2, 3, 1], [2, 1, 3], [2, 1, 0]], [0.9613, 4.2054, 1.298]]
[[[0, 2, 2], [1, 0, 1], [1, 0, 2], [1, 1, 0], [3, 1, 2], [2, 3, 2], [1, 1, 3], [2, 3, 1], [2, 1, 0]], [1.2319, 0.4463, 2.393]]
[[[0, 2, 2], [1, 0, 2], [1, 1, 0], [3, 1, 2], [2, 3, 2], [1, 1, 3], [2, 3, 1], [2, 1, 0]], [2.6577, 0.95, 5.1303]]
[[[1, 0, 2], [1, 1, 0], [3, 1, 2], [2, 3, 2], [1, 1, 3], [1, 2, 1], [1, 2, 2], [2, 1, 0], [2, 3, 1]], [-1.1354, 1.6124, 3.7555]]
[[[1, 0, 2], [1, 1, 0], [3, 1, 2], [2, 3, 2], [1, 1, 3], [1, 2, 1], [1, 2, 2], [2, 1, 0]], [-3.1475, -0.5863, -0.772]]
[[[1, 0, 2], [1, 1, 0], [3, 1, 2], [2, 3, 2], [1, 1, 3], [1, 2, 1], [2, 1, 0]], [2.9713, 1.3551, 1.3264]]
[[[1, 0, 2], [1, 1, 1], [3, 1, 2], [1, 1, 3], [1, 2, 1], [2, 1, 0], [2, 3, 2]], [-4.9328, -7.6283, -3.1694]]
[[[1, 0, 2], [3, 1, 2], [1, 1, 3], [1, 2, 1], [2, 1, 0], [2, 3, 2]], [2.102, 3.3663, 2.9282]]
[[[1, 0, 2], [1, 1, 2], [1, 1, 3], [2, 1, 0], [3, 1, 2], [2, 3, 2]], [1.7904, -1.3196, -15.5349]]
[[[1, 0, 2], [1, 1, 2], [1, 1, 3], [2, 1, 0], [2, 3, 2], [2, 1, 2]], [3.1306, 0.5508, -3.6944]]
[[[1, 0, 2], [1, 1, 3], [2, 1, 0], [2, 3, 2], [2, 1, 2]], [3.2821, -3.1254, 2.2081]]
[[[1, 0, 2], [1, 1, 3], [2, 1, 0], [2, 1, 1], [2, 3, 2], [2, 2, 2]], -1]
[[[1, 0, 2], [1, 1, 3], [2, 1, 1], [2, 2, 1], [2, 2, 2], [2, 3, 2]], -1]
[[[1, 0, 2], [1, 1, 3], [2, 1, 1], [2, 2, 1], [2, 2, 2]], -1]
[[[1, 0, 2], [2, 1, 1], [2, 2, 1], [2, 2, 2]], -1]
