[[[0, 0, 0], [2, 0, 0], [2, 2, 0], [0, 2, 0], [0, 0, 2], [2, 0, 2], [2, 2, 2], [0, 2, 2]], [4.0086, 3.9936, 4.0114]]
[[[0, 0, 0], [2, 2, 2], [0, 0, 2], [0, 1, 0], [2, 2, 0], [2, 0, 2], [0, 2, 1], [0, 2, 2], [2, 0, 0], [1, 2, 0]], [4.1513, 3.849, 4.1514]]
[[[0, 0, 0], [2, 2, 1], [0, 0, 2], [0, 1, 0], [2, 2, 0], [2, 1, 2], [0, 2, 1], [0, 2, 2], [2, 0, 2], [2, 0, 0], [1, 2, 2], [1, 2, 0]], [3.9985, 3.6819, 4.0064]]
[[[0, 0, 0], [2, 2, 1], [0, 0, 2], [0, 1, 0], [2, 2, 0], [0, 1, 2], [0, 2, 1], [2, 1, 2], [2, 0, 2], [2, 0, 0], [1, 2, 2], [1, 2, 0]], [4.1307, 3.5799, 3.8692]]
[[[0, 0, 0], [2, 2, 0], [0, 0, 2], [0, 1, 0], [2, 1, 2], [0, 1, 2], [0, 2, 1], [2, 0, 2], [2, 0, 0], [1, 2, 2], [1, 2, 0]], [3.2262, 4.1387, 6.6057]]
[[[0, 0, 0], [2, 2, 0], [0, 0, 2], [0, 1, 0], [2, 1, 2], [0, 1, 2], [0, 2, 1], [1, 0, 0], [2, 1, 0], [2, 0, 2], [2, 0, 1], [1, 2, 2], [1, 2, 0]], [1.8799, 1.702, 3.5041]]
[[[0, 0, 0], [2, 2, 0], [0, 0, 2], [0, 1, 0], [2, 1, 2], [0, 2, 1], [1, 0, 0], [2, 1, 0], [2, 0, 2], [2, 0, 1], [1, 2, 2], [1, 2, 0]], [1.1995, 3.9965, 3.6806]]
[[[0, 0, 0], [0, 0, 1], [0, 1, 0], [2, 2, 0], [0, 2, 1], [1, 0, 0], [2, 1, 2], [1, 0, 2], [2, 1, 0], [2, 0, 2], [2, 0, 1], [1, 2, 0], [1, 2, 2]], [1.3774, 4.9512, 2.6843]]
[[[0, 0, 0], [0, 0, 1], [0, 1, 0], [2, 2, 0], [0, 2, 1], [1, 0, 0], [2, 1, 2], [1, 0, 2], [2, 1, 0], [2, 0, 2], [2, 0, 1], [1, 2, 2]], [0.7071, 2.9091, 3.525]]
[[[0, 0, 0], [0, 0, 1], [0, 1, 0], [2, 2, 0], [0, 2, 1], [1, 0, 0], [2, 1, 2], [1, 0, 2], [2, 1, 0], [2, 0, 2], [1, 1, 2], [1, 2, 1], [2, 0, 1]], [5.491, 1.0301, 3.3059]]
[[[0, 0, 0], [0, 1, 0], [0, 1, 1], [0, 2, 1], [1, 0, 0], [2, 2, 0], [1, 0, 2], [2, 1, 2], [2, 1, 0], [1, 1, 2], [1, 2, 1], [2, 0, 1], [2, 0, 2]], [1.1129, 2.4418, 0.6851]]
[[[0, 0, 0], [0, 1, 0], [0, 1, 1], [1, 0, 0], [2, 2, 0], [1, 0, 2], [2, 1, 2], [2, 1, 0], [1, 1, 2], [1, 2, 1], [2, 0, 1], [2, 0, 2]], [0.9605, 4.5081, 2.1428]]
[[[0, 0, 0], [0, 1, 0], [0, 1, 1], [1, 0, 0], [2, 2, 0], [1, 0, 2], [2, 1, 2], [2, 1, 0], [1, 1, 2], [1, 2, 1], [2, 0, 1]], [5.0569, 1.8895, 2.5979]]
[[[0, 0, 0], [0, 1, 0], [0, 1, 1], [1, 0, 0], [2, 2, 0], [1, 0, 2], [2, 1, 1], [2, 1, 0], [1, 1, 2], [1, 2, 1], [2, 0, 1]], [3.1798, 1.5413, 2.618]]
[[[0, 0, 0], [0, 1, 0], [0, 1, 1], [1, 0, 0], [2, 2, 0], [1, 0, 2], [2, 1, 1], [2, 1, 0], [1, 1, 2], [2, 0, 1]], [3.3356, 1.568, 2.833]]
[[[0, 0, 0], [0, 1, 0], [0, 1, 1], [1, 0, 0], [1, 0, 1], [2, 2, 0], [2, 1, 1], [1, 1, 2], [2, 0, 1], [2, 1, 0]], [3.0209, 5.1996, 3.1688]]
[[[0, 0, 0], [0, 1, 0], [0, 1, 1], [1, 0, 0], [1, 0, 1], [2, 2, 0], [2, 1, 1], [1, 1, 2], [2, 0, 1]], [4.4138, 1.5854, 2.4702]]
[[[0, 0, 0], [0, 1, 0], [0, 1, 1], [1, 0, 0], [1, 0, 1], [2, 2, 0], [2, 1, 1], [1, 1, 2]], [3.4317, 1.6931, 3.6148]]
[[[0, 0, 0], [0, 1, 0], [0, 1, 1], [1, 0, 0], [1, 0, 1], [1, 1, 0], [2, 1, 1], [1, 1, 2]], [0.951, 1.7642, 0.7441]]
[[[0, 0, 0], [0, 1, 0], [1, 0, 0], [1, 0, 1], [1, 1, 0], [2, 1, 1], [1, 1, 2]], [2.224, 2.7464, 0.8035]]
[[[0, 0, 0], [0, 1, 0], [1, 0, 1], [1, 1, 0], [2, 1, 1], [1, 1, 2]], [4.084, 2.5559, 4.2174]]
[[[0, 0, 0], [1, 0, 1], [1, 1, 0], [2, 1, 1], [1, 1, 2]], [4.0, 2.5, 3.5]]
[[[0, 0, 0], [1, 0, 1], [1, 1, 1], [1, 1, 2], [2, 1, 1]], [3.8509, 1.9503, 3.8708]]
[[[0, 0, 0], [1, 1, 1], [1, 1, 2], [2, 1, 1]], -1]
