9.840156050126359e-06
7.108259431083167e-08
1.4487110103653032e-06
7.050004939260537e-05
2.1673931002885617e-08
3.3972074273073787e-06
2.106464400548286e-05
3.2820604990857585e-06
5.867185373928248e-06
0.003918347747724721
1.0285147213584133e-05
5.972221586405379e-08
0.0004376787163846043
0.00021476592162615558
0.0004362066169323821
3.5132883601458616e-06
1.2890368184435842e-07
1.2330273986913543e-05
4.1783699157459944e-05
0.00030862363917876797
5.6860675718850784e-08
1.509745905174897e-06
1.4717833688179238e-05
0.0006225168324018602
0.0004058712089639142
6.710187520061335e-05
3.0439601392636453e-05
0.008501808419268913
0.0046743952520925895
6.9347089787687e-05
