1.5391711593631798e-07
5.3366980772678063e-08
8.670466380999612e-07
7.959488566946847e-05
7.190750985707355e-07
0.001724010108744834
6.383766264002357e-06
1.1644842560436862e-06
5.9762802665115703e-05
5.9314656566231696e-06
1.85704810354674e-05
5.124416118614521e-05
0.00013825524052507379
0.001594337271767088
1.523639499093566e-05
0.00016689123076989463
0.00014374538472598523
1.8515660288194762e-06
1.1003253895517921e-05
0.00015077030811757396
4.809936728867453e-05
6.913187668679028e-06
0.00012901455265495638
0.0018812015002337538
0.00010605125287536091
1.218888267107677e-05
4.622991746474414e-05
9.651997149945123e-05
0.00013821040985006954
1.1411118399207013e-06
9.782141232316399e-05
0.0002933317083453722
2.9712207737444664e-05
0.00021575973726539087
0.0008505408211194484
0.0004895588973636037
0.001872508550235137
9.594833004379672e-05
0.008564521400323407
0.004653637065480963
1.1686579840149388e-05
0.0020529484814569027
0.00013113380407950303
0.0010356867390796827
0.00024751833511287545
0.001124902923585646
8.079439526317381e-05
0.002504911050941397
0.0007879814062533495
0.033083613040098145
0.0009424118090313027
2.3441538916692354e-05
0.015408324123046263
0.004038573193980327
9.893048582791394e-05
0.00016549310130730994
0.00679378742381057
0.001258844049181243
0.003929546964580288
0.001963980605774551
0.0035411372928446446
0.0005047950356575805
0.0033178517601679556
4.384525924743804e-05
0.002415236773590953
0.016227657454133602
0.0014090274762691183
0.0001448265267451218
0.00011318741874127797
0.0015309229825954012
0.00033564194244079714
0.000568440282920315
6.825176226402788e-05
0.0599530529541006
0.0061580760884033855
0.07978647574721935
0.0009621258001059314
0.0007611867590304899
7.206253417251033e-05
0.003517220192533478
7.131448031198306e-05
0.00824141255028332
0.0003707600162359366
0.005314205801093358
0.0002806472601887568
9.654250910146167e-05
0.005140132108121099
0.009872525523127357
0.014506818051520955
0.9028580174864423
0.0881791275908382
0.016283877586771755
0.011388634866909981
0.0009061307372349181
0.0014978746095064687
5.533441760253912e-05
0.00011981447584815502
0.01552663296097889
0.00016019337843169263
0.015744258526400642
2.069814882787016e-05
0.0005271346669068132
4.145171875059826e-05
0.0010561426848351451
0.00037839079209152625
0.0004009131375802685
2.3577326446301008e-06
1.8777635135963968e-07
4.500540170855553e-06
0.03433961610177316
0.0005940415446512371
2.038997605463453e-06
2.3821298461938595e-07
8.640764911554672e-05
0.017473766821445306
1.6072760172774393e-06
0.0016750740412036814
0.00390625
