[[[0, 0, 0], [1, 0, 0], [0, 1, 0], [0, 0, 1], [1, 0, 1], [0, 1, 0]], [1.0, 1.5, 1.5]]
[[[0, 0, 0], [1, 0, 0], [0, 1, 0], [0, 0, 2], [1, 0, 1], [0, 1, 0]], [1.0, 1.2679, 2.366]]
[[[0, 0, 0], [1, 0, 0], [0, 1, 0], [0, 0, 2], [1, 0, 2], [0, 1, 0]], [1.0, 1.5, 3.0]]
[[[0, 0, 0], [1, 0, 0], [0, 1, 0], [0, 0, 3], [1, 0, 1], [0, 1, 0]], [1.0, 1.1771, 3.3229]]
[[[0, 0, 0], [1, 0, 0], [0, 1, 0], [0, 0, 3], [1, 0, 2], [0, 1, 0]], [1.0, 1.3542, 3.8229]]
[[[0, 0, 0], [1, 0, 0], [0, 1, 0], [0, 0, 4], [1, 0, 1], [0, 1, 0]], [1.0, 1.1315, 4.3028]]
[[[0, 0, 0], [1, 0, 0], [0, 1, 0], [0, 0, 3], [1, 0, 3], [0, 1, 0]], [1.0, 1.5, 4.4999]]
[[[0, 0, 0], [1, 0, 0], [0, 1, 0], [0, 0, 4], [1, 0, 2], [0, 1, 0]], [1.0, 1.2679, 4.7321]]
[[[0, 0, 0], [1, 0, 0], [0, 1, 0], [0, 0, 5], [1, 0, 1], [0, 1, 0]], [1.0, 1.1044, 5.2913]]
[[[0, 0, 0], [1, 0, 0], [0, 1, 0], [0, 0, 4], [1, 0, 3], [0, 1, 0]], [1.0, 1.3944, 5.3028]]
[[[0, 0, 0], [1, 0, 0], [0, 1, 0], [0, 0, 5], [1, 0, 2], [0, 1, 0]], [1.0, 1.2137, 5.6794]]
[[[0, 0, 0], [1, 0, 0], [0, 1, 0], [0, 0, 6], [1, 0, 1], [0, 1, 0]], [1.0, 1.0864, 6.2839]]
[[[0, 0, 0], [1, 0, 0], [0, 1, 0], [0, 0, 4], [1, 0, 4], [0, 1, 0]], [1.0, 1.5, 5.9999]]
[[[0, 0, 0], [1, 0, 0], [0, 1, 0], [0, 0, 5], [1, 0, 3], [0, 1, 0]], [1.0, 1.3206, 6.1794]]
[[[0, 0, 0], [1, 0, 0], [0, 1, 0], [0, 0, 6], [1, 0, 2], [0, 1, 0]], [1.0, 1.1771, 6.6458]]
[[[0, 0, 0], [1, 0, 0], [0, 1, 0], [0, 0, 7], [1, 0, 1], [0, 1, 0]], [1.0, 1.0738, 7.2787]]
[[[0, 0, 0], [1, 0, 0], [0, 1, 0], [0, 0, 5], [1, 0, 4], [0, 1, 0]], [1.0, 1.4174, 6.7913]]
[[[0, 0, 0], [1, 0, 0], [0, 1, 0], [0, 0, 6], [1, 0, 3], [0, 1, 0]], [1.0, 1.2679, 7.0981]]
[[[0, 0, 0], [1, 0, 0], [0, 1, 0], [0, 0, 7], [1, 0, 2], [0, 1, 0]], [1.0, 1.151, 7.6225]]
[[[0, 0, 0], [1, 0, 0], [0, 1, 0], [0, 0, 8], [1, 0, 1], [0, 1, 0]], [1.0, 1.0643, 8.2749]]
[[[0, 0, 0], [1, 0, 0], [0, 1, 0], [0, 0, 5], [1, 0, 5], [0, 1, 0]], [1.0, 1.5, 7.5]]
[[[0, 0, 0], [1, 0, 0], [0, 1, 0], [0, 0, 6], [1, 0, 4], [0, 1, 0]], [1.0, 1.3542, 7.6458]]
[[[0, 0, 0], [1, 0, 0], [0, 1, 0], [0, 0, 7], [1, 0, 3], [0, 1, 0]], [1.0, 1.2293, 8.0414]]
[[[0, 0, 0], [1, 0, 0], [0, 1, 0], [0, 0, 8], [1, 0, 2], [0, 1, 0]], [1.0, 1.1315, 8.6056]]
[[[0, 0, 0], [1, 0, 0], [0, 1, 0], [0, 0, 9], [1, 0, 1], [0, 1, 0]], [1.0, 1.057, 9.272]]
[[[0, 0, 0], [1, 0, 0], [0, 1, 0], [0, 0, 6], [1, 0, 5], [0, 1, 0]], [1.0, 1.4322, 8.2839]]
[[[0, 0, 0], [1, 0, 0], [0, 1, 0], [0, 0, 7], [1, 0, 4], [0, 1, 0]], [1.0, 1.3057, 8.5414]]
[[[0, 0, 0], [1, 0, 0], [0, 1, 0], [0, 0, 8], [1, 0, 3], [0, 1, 0]], [1.0, 1.2, 9.0]]
[[[0, 0, 0], [1, 0, 0], [0, 1, 0], [0, 0, 9], [1, 0, 2], [0, 1, 0]], [1.0, 1.1164, 9.5927]]
[[[0, 0, 0], [1, 0, 0], [0, 1, 0], [0, 0, 10], [1, 0, 1], [0, 1, 0]], [1.0, 1.0512, 10.2697]]
[[[0, 0, 0], [1, 0, 0], [0, 1, 0], [0, 0, 6], [1, 0, 6], [0, 1, 0]], [1.0, 1.5, 8.9999]]
[[[0, 0, 0], [1, 0, 0], [0, 1, 0], [0, 0, 7], [1, 0, 5], [0, 1, 0]], [1.0, 1.3775, 9.1225]]
[[[0, 0, 0], [1, 0, 0], [0, 1, 0], [0, 0, 8], [1, 0, 4], [0, 1, 0]], [1.0, 1.2679, 9.4641]]
[[[0, 0, 0], [1, 0, 0], [0, 1, 0], [0, 0, 9], [1, 0, 3], [0, 1, 0]], [1.0, 1.1771, 9.9686]]
[[[0, 0, 0], [1, 0, 0], [0, 1, 0], [0, 0, 10], [1, 0, 2], [0, 1, 0]], [1.0, 1.1044, 10.5826]]
[[[0, 0, 0], [1, 0, 0], [0, 1, 0], [0, 0, 11], [1, 0, 1], [0, 1, 0]], [1.0, 1.0464, 11.2678]]
[[[0, 0, 0], [1, 0, 0], [0, 1, 0], [0, 0, 7], [1, 0, 6], [0, 1, 0]], [1.0, 1.4426, 9.7787]]
[[[0, 0, 0], [1, 0, 0], [0, 1, 0], [0, 0, 8], [1, 0, 5], [0, 1, 0]], [1.0, 1.3333, 10.0]]
[[[0, 0, 0], [1, 0, 0], [0, 1, 0], [0, 0, 9], [1, 0, 4], [0, 1, 0]], [1.0, 1.238, 10.4051]]
[[[0, 0, 0], [1, 0, 0], [0, 1, 0], [0, 0, 10], [1, 0, 3], [0, 1, 0]], [1.0, 1.1588, 10.9441]]
[[[0, 0, 0], [1, 0, 0], [0, 1, 0], [0, 0, 11], [1, 0, 2], [0, 1, 0]], [1.0, 1.0946, 11.5744]]
[[[0, 0, 0], [1, 0, 0], [0, 1, 0], [0, 0, 12], [1, 0, 1], [0, 1, 0]], [1.0, 1.0425, 12.2663]]
[[[0, 0, 0], [1, 0, 0], [0, 1, 0], [0, 0, 7], [1, 0, 7], [0, 1, 0]], [1.0, 1.5, 10.4997]]
[[[0, 0, 0], [1, 0, 0], [0, 1, 0], [0, 0, 8], [1, 0, 6], [0, 1, 0]], [1.0, 1.3944, 10.6056]]
[[[0, 0, 0], [1, 0, 0], [0, 1, 0], [0, 0, 9], [1, 0, 5], [0, 1, 0]], [1.0, 1.2974, 10.9051]]
[[[0, 0, 0], [1, 0, 0], [0, 1, 0], [0, 0, 10], [1, 0, 4], [0, 1, 0]], [1.0, 1.2137, 11.3589]]
[[[0, 0, 0], [1, 0, 0], [0, 1, 0], [0, 0, 11], [1, 0, 3], [0, 1, 0]], [1.0, 1.1439, 11.9244]]
[[[0, 0, 0], [1, 0, 0], [0, 1, 0], [0, 0, 12], [1, 0, 2], [0, 1, 0]], [1.0, 1.0864, 12.5678]]
[[[0, 0, 0], [1, 0, 0], [0, 1, 0], [0, 0, 13], [1, 0, 1], [0, 1, 0]], [1.0, 1.0392, 13.265]]
[[[0, 0, 0], [1, 0, 0], [0, 1, 0], [0, 0, 8], [1, 0, 7], [0, 1, 0]], [1.0, 1.4502, 11.2749]]
[[[0, 0, 0], [1, 0, 0], [0, 1, 0], [0, 0, 9], [1, 0, 6], [0, 1, 0]], [1.0, 1.3542, 11.4686]]
[[[0, 0, 0], [1, 0, 0], [0, 1, 0], [0, 0, 10], [1, 0, 5], [0, 1, 0]], [1.0, 1.2679, 11.8301]]
[[[0, 0, 0], [1, 0, 0], [0, 1, 0], [0, 0, 11], [1, 0, 4], [0, 1, 0]], [1.0, 1.1938, 12.3218]]
[[[0, 0, 0], [1, 0, 0], [0, 1, 0], [0, 0, 12], [1, 0, 3], [0, 1, 0]], [1.0, 1.1315, 12.9083]]
[[[0, 0, 0], [1, 0, 0], [0, 1, 0], [0, 0, 13], [1, 0, 2], [0, 1, 0]], [1.0, 1.0796, 13.5622]]
[[[0, 0, 0], [1, 0, 0], [0, 1, 0], [0, 0, 14], [1, 0, 1], [0, 1, 0]], [1.0, 1.0363, 14.2639]]
[[[0, 0, 0], [1, 0, 0], [0, 1, 0], [0, 0, 8], [1, 0, 8], [0, 1, 0]], [1.0, 1.5, 12.0002]]
[[[0, 0, 0], [1, 0, 0], [0, 1, 0], [0, 0, 9], [1, 0, 7], [0, 1, 0]], [1.0, 1.4073, 12.0927]]
[[[0, 0, 0], [1, 0, 0], [0, 1, 0], [0, 0, 10], [1, 0, 6], [0, 1, 0]], [1.0, 1.3206, 12.3589]]
[[[0, 0, 0], [1, 0, 0], [0, 1, 0], [0, 0, 11], [1, 0, 5], [0, 1, 0]], [1.0, 1.2434, 12.7697]]
[[[0, 0, 0], [1, 0, 0], [0, 1, 0], [0, 0, 12], [1, 0, 4], [0, 1, 0]], [1.0, 1.1771, 13.2915]]
[[[0, 0, 0], [1, 0, 0], [0, 1, 0], [0, 0, 13], [1, 0, 3], [0, 1, 0]], [0.0653, 1.5825, 18.0736]]
[[[0, 0, 0], [1, 0, 0], [0, 1, 0], [0, 0, 14], [1, 0, 2], [0, 1, 0]], [1.0, 1.0738, 14.5574]]
[[[0, 0, 0], [1, 0, 0], [0, 1, 0], [0, 0, 15], [1, 0, 1], [0, 1, 0]], [1.0, 1.0339, 15.2629]]
[[[0, 0, 0], [1, 0, 0], [0, 1, 0], [0, 0, 9], [1, 0, 8], [0, 1, 0]], [1.0, 1.456, 12.772]]
[[[0, 0, 0], [1, 0, 0], [0, 1, 0], [0, 0, 10], [1, 0, 7], [0, 1, 0]], [1.0, 1.3706, 12.9441]]
[[[0, 0, 0], [1, 0, 0], [0, 1, 0], [0, 0, 11], [1, 0, 6], [0, 1, 0]], [1.0, 1.2921, 13.2697]]
[[[0, 0, 0], [1, 0, 0], [0, 1, 0], [0, 0, 12], [1, 0, 5], [0, 1, 0]], [1.0, 1.2228, 13.7202]]
[[[0, 0, 0], [1, 0, 0], [0, 1, 0], [0, 0, 13], [1, 0, 4], [0, 1, 0]], [1.0, 1.163, 14.2663]]
[[[0, 0, 0], [1, 0, 0], [0, 1, 0], [0, 0, 14], [1, 0, 3], [0, 1, 0]], [1.0, 1.1121, 14.8836]]
[[[0, 0, 0], [1, 0, 0], [0, 1, 0], [0, 0, 15], [1, 0, 2], [0, 1, 0]], [1.0, 1.0687, 15.5534]]
[[[0, 0, 0], [1, 0, 0], [0, 1, 0], [0, 0, 16], [1, 0, 1], [0, 1, 0]], [1.0, 1.0317, 16.2621]]
[[[0, 0, 0], [1, 0, 0], [0, 1, 0], [0, 0, 9], [1, 0, 9], [0, 1, 0]], [1.0, 1.5, 13.5001]]
[[[0, 0, 0], [1, 0, 0], [0, 1, 0], [0, 0, 10], [1, 0, 8], [0, 1, 0]], [1.0, 1.4174, 13.5826]]
[[[0, 0, 0], [1, 0, 0], [0, 1, 0], [0, 0, 11], [1, 0, 7], [0, 1, 0]], [1.0, 1.3391, 13.8218]]
[[[0, 0, 0], [1, 0, 0], [0, 1, 0], [0, 0, 12], [1, 0, 6], [0, 1, 0]], [1.0, 1.2679, 14.1962]]
[[[0, 0, 0], [1, 0, 0], [0, 1, 0], [0, 0, 13], [1, 0, 5], [0, 1, 0]], [1.0, 1.2053, 14.6789]]
[[[0, 0, 0], [1, 0, 0], [0, 1, 0], [0, 0, 14], [1, 0, 4], [0, 1, 0]], [1.0, 1.151, 15.245]]
[[[0, 0, 0], [1, 0, 0], [0, 1, 0], [0, 0, 15], [1, 0, 3], [0, 1, 0]], [1.0, 1.1044, 15.8739]]
[[[0, 0, 0], [1, 0, 0], [0, 1, 0], [0, 0, 16], [1, 0, 2], [0, 1, 0]], [1.0, 1.0643, 16.5498]]
[[[0, 0, 0], [1, 0, 0], [0, 1, 0], [0, 0, 17], [1, 0, 1], [0, 1, 0]], [1.0, 1.0298, 17.2614]]
[[[0, 0, 0], [1, 0, 0], [0, 1, 0], [0, 0, 10], [1, 0, 9], [0, 1, 0]], [1.0, 1.4606, 14.2697]]
[[[0, 0, 0], [1, 0, 0], [0, 1, 0], [0, 0, 11], [1, 0, 8], [0, 1, 0]], [1.0, 1.3837, 14.4244]]
[[[0, 0, 0], [1, 0, 0], [0, 1, 0], [0, 0, 12], [1, 0, 7], [0, 1, 0]], [1.0, 1.3119, 14.7202]]
[[[0, 0, 0], [1, 0, 0], [0, 1, 0], [0, 0, 13], [1, 0, 6], [0, 1, 0]], [1.0, 1.2472, 15.1347]]
[[[0, 0, 0], [1, 0, 0], [0, 1, 0], [0, 0, 14], [1, 0, 5], [0, 1, 0]], [1.0, 1.1902, 15.6441]]
[[[0, 0, 0], [1, 0, 0], [0, 1, 0], [0, 0, 15], [1, 0, 4], [0, 1, 0]], [1.0, 1.1406, 16.2268]]
[[[0, 0, 0], [1, 0, 0], [0, 1, 0], [0, 0, 16], [1, 0, 3], [0, 1, 0]], [1.0, 1.0976, 16.8655]]
[[[0, 0, 0], [1, 0, 0], [0, 1, 0], [0, 0, 17], [1, 0, 2], [0, 1, 0]], [1.0, 1.0604, 17.5467]]
[[[0, 0, 0], [1, 0, 0], [0, 1, 0], [0, 0, 18], [1, 0, 1], [0, 1, 0]], [1.0, 1.0282, 18.2607]]
[[[0, 0, 0], [1, 0, 0], [0, 1, 0], [0, 0, 10], [1, 0, 10], [0, 1, 0]], [1.0, 1.5, 15.0001]]
[[[0, 0, 0], [1, 0, 0], [0, 1, 0], [0, 0, 11], [1, 0, 9], [0, 1, 0]], [1.0, 1.4256, 15.0744]]
[[[0, 0, 0], [1, 0, 0], [0, 1, 0], [0, 0, 12], [1, 0, 8], [0, 1, 0]], [1.0, 1.3542, 15.2915]]
[[[0, 0, 0], [1, 0, 0], [0, 1, 0], [0, 0, 13], [1, 0, 7], [0, 1, 0]], [1.0, 1.2884, 15.6347]]
[[[0, 0, 0], [1, 0, 0], [0, 1, 0], [0, 0, 14], [1, 0, 6], [0, 1, 0]], [1.0, 1.2293, 16.0828]]
[[[0, 0, 0], [1, 0, 0], [0, 1, 0], [0, 0, 15], [1, 0, 5], [0, 1, 0]], [1.0, 1.1771, 16.6144]]
[[[0, 0, 0], [1, 0, 0], [0, 1, 0], [0, 0, 16], [1, 0, 4], [0, 1, 0]], [1.0, 1.1315, 17.2111]]
[[[0, 0, 0], [1, 0, 0], [0, 1, 0], [0, 0, 17], [1, 0, 3], [0, 1, 0]], [1.0, 1.0917, 17.8581]]
[[[0, 0, 0], [1, 0, 0], [0, 1, 0], [0, 0, 18], [1, 0, 2], [0, 1, 0]], [1.0, 1.057, 18.544]]
[[[0, 0, 0], [1, 0, 0], [0, 1, 0], [0, 0, 19], [1, 0, 1], [0, 1, 0]], [1.0, 1.0267, 19.2601]]
[[[0, 0, 0], [1, 0, 0], [0, 1, 0], [0, 0, 11], [1, 0, 10], [0, 1, 0]], [1.0, 1.4643, 15.7678]]
[[[0, 0, 0], [1, 0, 0], [0, 1, 0], [0, 0, 12], [1, 0, 9], [0, 1, 0]], [1.0, 1.3944, 15.9083]]
[[[0, 0, 0], [1, 0, 0], [0, 1, 0], [0, 0, 13], [1, 0, 8], [0, 1, 0]], [1.0, 1.3284, 16.1789]]
[[[0, 0, 0], [1, 0, 0], [0, 1, 0], [0, 0, 14], [1, 0, 7], [0, 1, 0]], [1.0, 1.2679, 16.5622]]
[[[0, 0, 0], [1, 0, 0], [0, 1, 0], [0, 0, 15], [1, 0, 6], [0, 1, 0]], [1.0, 1.2137, 17.0383]]
[[[0, 0, 0], [1, 0, 0], [0, 1, 0], [0, 0, 16], [1, 0, 5], [0, 1, 0]], [1.0, 1.1657, 17.5887]]
[[[0, 0, 0], [1, 0, 0], [0, 1, 0], [0, 0, 17], [1, 0, 4], [0, 1, 0]], [1.0, 1.1235, 18.1974]]
[[[0, 0, 0], [1, 0, 0], [0, 1, 0], [0, 0, 18], [1, 0, 3], [0, 1, 0]], [1.0, 1.0864, 18.8516]]
[[[0, 0, 0], [1, 0, 0], [0, 1, 0], [0, 0, 19], [1, 0, 2], [0, 1, 0]], [1.0, 1.0539, 19.5416]]
[[[0, 0, 0], [1, 0, 0], [0, 1, 0], [0, 0, 20], [1, 0, 1], [0, 1, 0]], [1.0, 1.0253, 20.2596]]
[[[0, 0, 0], [1, 0, 0], [0, 1, 0], [0, 0, 11], [1, 0, 11], [0, 1, 0]], [1.0, 1.5, 16.4998]]
[[[0, 0, 0], [1, 0, 0], [0, 1, 0], [0, 0, 12], [1, 0, 10], [0, 1, 0]], [1.0, 1.4322, 16.5678]]
[[[0, 0, 0], [1, 0, 0], [0, 1, 0], [0, 0, 13], [1, 0, 9], [0, 1, 0]], [1.0, 1.3669, 16.7663]]
[[[0, 0, 0], [1, 0, 0], [0, 1, 0], [0, 0, 14], [1, 0, 8], [0, 1, 0]], [1.0, 1.3057, 17.0828]]
[[[0, 0, 0], [1, 0, 0], [0, 1, 0], [0, 0, 15], [1, 0, 7], [0, 1, 0]], [1.0, 1.25, 17.5]]
[[[0, 0, 0], [1, 0, 0], [0, 1, 0], [0, 0, 16], [1, 0, 6], [0, 1, 0]], [1.0, 1.2, 17.9998]]
[[[0, 0, 0], [1, 0, 0], [0, 1, 0], [0, 0, 17], [1, 0, 5], [0, 1, 0]], [1.0, 1.1556, 18.5664]]
[[[0, 0, 0], [1, 0, 0], [0, 1, 0], [0, 0, 18], [1, 0, 4], [0, 1, 0]], [1.0, 1.1164, 19.1854]]
[[[0, 0, 0], [1, 0, 0], [0, 1, 0], [0, 0, 19], [1, 0, 3], [0, 1, 0]], [1.0, 1.0818, 19.8459]]
[[[0, 0, 0], [1, 0, 0], [0, 1, 0], [0, 0, 20], [1, 0, 2], [0, 1, 0]], [1.0, 1.0512, 20.5394]]
[[[0, 0, 0], [1, 0, 0], [0, 1, 0], [0, 0, 21], [1, 0, 1], [0, 1, 0]], [1.0, 1.0241, 21.2591]]
[[[0, 0, 0], [1, 0, 0], [0, 1, 0], [0, 0, 12], [1, 0, 11], [0, 1, 0]], [1.0, 1.4674, 17.2663]]
[[[0, 0, 0], [1, 0, 0], [0, 1, 0], [0, 0, 13], [1, 0, 10], [0, 1, 0]], [1.0, 1.4034, 17.3949]]
[[[0, 0, 0], [1, 0, 0], [0, 1, 0], [0, 0, 14], [1, 0, 9], [0, 1, 0]], [1.0, 1.3424, 17.6441]]
[[[0, 0, 0], [1, 0, 0], [0, 1, 0], [0, 0, 15], [1, 0, 8], [0, 1, 0]], [1.0, 1.2857, 17.9999]]
[[[0, 0, 0], [1, 0, 0], [0, 1, 0], [0, 0, 16], [1, 0, 7], [0, 1, 0]], [1.0, 1.2342, 18.4462]]
[[[0, 0, 0], [1, 0, 0], [0, 1, 0], [0, 0, 17], [1, 0, 6], [0, 1, 0]], [1.0, 1.1879, 18.9666]]
[[[0, 0, 0], [1, 0, 0], [0, 1, 0], [0, 0, 18], [1, 0, 5], [0, 1, 0]], [1.0, 1.1467, 19.5467]]
[[[0, 0, 0], [1, 0, 0], [0, 1, 0], [0, 0, 19], [1, 0, 4], [0, 1, 0]], [1.0, 1.11, 20.1747]]
[[[0, 0, 0], [1, 0, 0], [0, 1, 0], [0, 0, 20], [1, 0, 3], [0, 1, 0]], [1.0, 1.0776, 20.8408]]
[[[0, 0, 0], [1, 0, 0], [0, 1, 0], [0, 0, 21], [1, 0, 2], [0, 1, 0]], [1.0, 1.0487, 21.5374]]
[[[0, 0, 0], [1, 0, 0], [0, 1, 0], [0, 0, 22], [1, 0, 1], [0, 1, 0]], [1.0, 1.023, 22.2587]]
[[[0, 0, 0], [1, 0, 0], [0, 1, 0], [0, 0, 12], [1, 0, 12], [0, 1, 0]], [1.0, 1.5, 18.0001]]
[[[0, 0, 0], [1, 0, 0], [0, 1, 0], [0, 0, 13], [1, 0, 11], [0, 1, 0]], [1.0, 1.4378, 18.0622]]
[[[0, 0, 0], [1, 0, 0], [0, 1, 0], [0, 0, 14], [1, 0, 10], [0, 1, 0]], [1.0, 1.3775, 18.245]]
[[[0, 0, 0], [1, 0, 0], [0, 1, 0], [0, 0, 15], [1, 0, 9], [0, 1, 0]], [1.0, 1.3206, 18.5383]]
[[[0, 0, 0], [1, 0, 0], [0, 1, 0], [0, 0, 16], [1, 0, 8], [0, 1, 0]], [1.0, 1.2679, 18.9282]]
[[[0, 0, 0], [1, 0, 0], [0, 1, 0], [0, 0, 17], [1, 0, 7], [0, 1, 0]], [1.0, 1.2201, 19.3993]]
[[[0, 0, 0], [1, 0, 0], [0, 1, 0], [0, 0, 18], [1, 0, 6], [0, 1, 0]], [1.0, 1.1771, 19.9373]]
[[[0, 0, 0], [1, 0, 0], [0, 1, 0], [0, 0, 19], [1, 0, 5], [0, 1, 0]], [1.0, 1.1387, 20.5294]]
[[[0, 0, 0], [1, 0, 0], [0, 1, 0], [0, 0, 20], [1, 0, 4], [0, 1, 0]], [1.0, 1.1044, 21.1652]]
[[[0, 0, 0], [1, 0, 0], [0, 1, 0], [0, 0, 21], [1, 0, 3], [0, 1, 0]], [1.0, 1.0738, 21.8362]]
[[[0, 0, 0], [1, 0, 0], [0, 1, 0], [0, 0, 22], [1, 0, 2], [0, 1, 0]], [1.0, 1.0464, 22.5357]]
[[[0, 0, 0], [1, 0, 0], [0, 1, 0], [0, 0, 23], [1, 0, 1], [0, 1, 0]], [1.0, 1.022, 23.2583]]
[[[0, 0, 0], [1, 0, 0], [0, 1, 0], [0, 0, 13], [1, 0, 12], [0, 1, 0]], [1.0, 1.47, 18.765]]
[[[0, 0, 0], [1, 0, 0], [0, 1, 0], [0, 0, 14], [1, 0, 11], [0, 1, 0]], [1.0, 1.411, 18.8836]]
[[[0, 0, 0], [1, 0, 0], [0, 1, 0], [0, 0, 15], [1, 0, 10], [0, 1, 0]], [1.0, 1.3542, 19.1144]]
[[[0, 0, 0], [1, 0, 0], [0, 1, 0], [0, 0, 16], [1, 0, 9], [0, 1, 0]], [1.0, 1.3011, 19.4462]]
[[[0, 0, 0], [1, 0, 0], [0, 1, 0], [0, 0, 17], [1, 0, 8], [0, 1, 0]], [1.0, 1.2521, 19.8655]]
[[[0, 0, 0], [1, 0, 0], [0, 1, 0], [0, 0, 18], [1, 0, 7], [0, 1, 0]], [1.0, 1.2076, 20.3581]]
[[[0, 0, 0], [1, 0, 0], [0, 1, 0], [0, 0, 19], [1, 0, 6], [0, 1, 0]], [1.0, 1.1675, 20.9113]]
[[[0, 0, 0], [1, 0, 0], [0, 1, 0], [0, 0, 20], [1, 0, 5], [0, 1, 0]], [1.0, 1.1315, 21.5139]]
[[[0, 0, 0], [1, 0, 0], [0, 1, 0], [0, 0, 21], [1, 0, 4], [0, 1, 0]], [1.0, 1.0992, 22.1566]]
[[[0, 0, 0], [1, 0, 0], [0, 1, 0], [0, 0, 22], [1, 0, 3], [0, 1, 0]], [1.0, 1.0703, 22.832]]
[[[0, 0, 0], [1, 0, 0], [0, 1, 0], [0, 0, 23], [1, 0, 2], [0, 1, 0]], [1.0, 1.0444, 23.534]]
[[[0, 0, 0], [1, 0, 0], [0, 1, 0], [0, 0, 24], [1, 0, 1], [0, 1, 0]], [1.0, 1.021, 24.258]]
[[[0, 0, 0], [1, 0, 0], [0, 1, 0], [0, 0, 13], [1, 0, 13], [0, 1, 0]], [1.6022, 0.039, 12.2464]]
[[[0, 0, 0], [1, 0, 0], [0, 1, 0], [0, 0, 14], [1, 0, 12], [0, 1, 0]], [1.0, 1.4426, 19.5574]]
[[[0, 0, 0], [1, 0, 0], [0, 1, 0], [0, 0, 15], [1, 0, 11], [0, 1, 0]], [1.0, 1.3866, 19.7268]]
[[[0, 0, 0], [1, 0, 0], [0, 1, 0], [0, 0, 16], [1, 0, 10], [0, 1, 0]], [1.0, 1.3333, 20.0]]
[[[0, 0, 0], [1, 0, 0], [0, 1, 0], [0, 0, 17], [1, 0, 9], [0, 1, 0]], [1.0, 1.2836, 20.3655]]
[[[0, 0, 0], [1, 0, 0], [0, 1, 0], [0, 0, 18], [1, 0, 8], [0, 1, 0]], [1.0, 1.238, 20.8102]]
[[[0, 0, 0], [1, 0, 0], [0, 1, 0], [0, 0, 19], [1, 0, 7], [0, 1, 0]], [1.0, 1.1964, 21.3217]]
[[[0, 0, 0], [1, 0, 0], [0, 1, 0], [0, 0, 20], [1, 0, 6], [0, 1, 0]], [1.0, 1.1588, 21.8882]]
[[[0, 0, 0], [1, 0, 0], [0, 1, 0], [0, 0, 21], [1, 0, 5], [0, 1, 0]], [1.0, 1.125, 22.4997]]
[[[0, 0, 0], [1, 0, 0], [0, 1, 0], [0, 0, 22], [1, 0, 4], [0, 1, 0]], [1.0, 1.0946, 23.1489]]
[[[0, 0, 0], [1, 0, 0], [0, 1, 0], [0, 0, 23], [1, 0, 3], [0, 1, 0]], [1.0, 1.0672, 23.8282]]
[[[0, 0, 0], [1, 0, 0], [0, 1, 0], [0, 0, 24], [1, 0, 2], [0, 1, 0]], [1.0, 1.0425, 24.5326]]
[[[0, 0, 0], [1, 0, 0], [0, 1, 0], [0, 0, 25], [1, 0, 1], [0, 1, 0]], [1.0, 1.0202, 25.2577]]
[[[0, 0, 0], [1, 0, 0], [0, 1, 0], [0, 0, 14], [1, 0, 13], [0, 1, 0]], [1.0, 1.4723, 20.2639]]
[[[0, 0, 0], [1, 0, 0], [0, 1, 0], [0, 0, 15], [1, 0, 12], [0, 1, 0]], [1.0, 1.4174, 20.3739]]
[[[0, 0, 0], [1, 0, 0], [0, 1, 0], [0, 0, 16], [1, 0, 11], [0, 1, 0]], [1.0, 1.3645, 20.5887]]
[[[0, 0, 0], [1, 0, 0], [0, 1, 0], [0, 0, 17], [1, 0, 10], [0, 1, 0]], [1.0, 1.3145, 20.8993]]
[[[0, 0, 0], [1, 0, 0], [0, 1, 0], [0, 0, 18], [1, 0, 9], [0, 1, 0]], [1.0, 1.2679, 21.2942]]
[[[0, 0, 0], [1, 0, 0], [0, 1, 0], [0, 0, 19], [1, 0, 8], [0, 1, 0]], [1.0, 1.2252, 21.7614]]
[[[0, 0, 0], [1, 0, 0], [0, 1, 0], [0, 0, 20], [1, 0, 7], [0, 1, 0]], [1.0, 1.1863, 22.2892]]
[[[0, 0, 0], [1, 0, 0], [0, 1, 0], [0, 0, 21], [1, 0, 6], [0, 1, 0]], [1.0, 1.151, 22.8675]]
[[[0, 0, 0], [1, 0, 0], [0, 1, 0], [0, 0, 22], [1, 0, 5], [0, 1, 0]], [1.0, 1.1191, 23.4875]]
[[[0, 0, 0], [1, 0, 0], [0, 1, 0], [0, 0, 23], [1, 0, 4], [0, 1, 0]], [1.0, 1.0903, 24.1419]]
[[[0, 0, 0], [1, 0, 0], [0, 1, 0], [0, 0, 24], [1, 0, 3], [0, 1, 0]], [1.0, 1.0643, 24.8248]]
[[[0, 0, 0], [1, 0, 0], [0, 1, 0], [0, 0, 25], [1, 0, 2], [0, 1, 0]], [1.0, 1.0408, 25.5312]]
[[[0, 0, 0], [1, 0, 0], [0, 1, 0], [0, 0, 26], [1, 0, 1], [0, 1, 0]], [1.0, 1.0194, 26.2574]]
[[[0, 0, 0], [1, 0, 0], [0, 1, 0], [0, 0, 14], [1, 0, 14], [0, 1, 0]], [1.0, 1.5, 21.0003]]
[[[0, 0, 0], [1, 0, 0], [0, 1, 0], [0, 0, 15], [1, 0, 13], [0, 1, 0]], [1.0, 1.4466, 21.0534]]
[[[0, 0, 0], [1, 0, 0], [0, 1, 0], [0, 0, 16], [1, 0, 12], [0, 1, 0]], [1.0, 1.3944, 21.2111]]
[[[0, 0, 0], [1, 0, 0], [0, 1, 0], [0, 0, 17], [1, 0, 11], [0, 1, 0]], [1.0, 1.3445, 21.4666]]
[[[0, 0, 0], [1, 0, 0], [0, 1, 0], [0, 0, 18], [1, 0, 10], [0, 1, 0]], [1.0, 1.2974, 21.8102]]
[[[0, 0, 0], [1, 0, 0], [0, 1, 0], [0, 0, 19], [1, 0, 9], [0, 1, 0]], [1.0, 1.2538, 22.231]]
[[[0, 0, 0], [1, 0, 0], [0, 1, 0], [0, 0, 20], [1, 0, 8], [0, 1, 0]], [1.0, 1.2137, 22.7178]]
[[[0, 0, 0], [1, 0, 0], [0, 1, 0], [0, 0, 21], [1, 0, 7], [0, 1, 0]], [1.0, 1.1771, 23.2601]]
[[[0, 0, 0], [1, 0, 0], [0, 1, 0], [0, 0, 22], [1, 0, 6], [0, 1, 0]], [1.0, 1.1439, 23.8489]]
[[[0, 0, 0], [1, 0, 0], [0, 1, 0], [0, 0, 23], [1, 0, 5], [0, 1, 0]], [1.0, 1.1138, 24.4762]]
[[[0, 0, 0], [1, 0, 0], [0, 1, 0], [0, 0, 24], [1, 0, 4], [0, 1, 0]], [1.0, 1.0864, 25.1355]]
[[[0, 0, 0], [1, 0, 0], [0, 1, 0], [0, 0, 25], [1, 0, 3], [0, 1, 0]], [1.0, 1.0617, 25.8216]]
[[[0, 0, 0], [1, 0, 0], [0, 1, 0], [0, 0, 26], [1, 0, 2], [0, 1, 0]], [1.0, 1.0392, 26.53]]
[[[0, 0, 0], [1, 0, 0], [0, 1, 0], [0, 0, 27], [1, 0, 1], [0, 1, 0]], [1.0, 1.0187, 27.2571]]
[[[0, 0, 0], [1, 0, 0], [0, 1, 0], [0, 0, 15], [1, 0, 14], [0, 1, 0]], [1.0, 1.4742, 21.7629]]
[[[0, 0, 0], [1, 0, 0], [0, 1, 0], [0, 0, 16], [1, 0, 13], [0, 1, 0]], [1.0, 1.423, 21.8655]]
[[[0, 0, 0], [1, 0, 0], [0, 1, 0], [0, 0, 17], [1, 0, 12], [0, 1, 0]], [1.0, 1.3735, 22.0664]]
[[[0, 0, 0], [1, 0, 0], [0, 1, 0], [0, 0, 18], [1, 0, 11], [0, 1, 0]], [1.0, 1.3263, 22.3581]]
[[[0, 0, 0], [1, 0, 0], [0, 1, 0], [0, 0, 19], [1, 0, 10], [0, 1, 0]], [1.0, 1.282, 22.731]]
[[[0, 0, 0], [1, 0, 0], [0, 1, 0], [0, 0, 20], [1, 0, 9], [0, 1, 0]], [1.0, 1.241, 23.1747]]
[[[0, 0, 0], [1, 0, 0], [0, 1, 0], [0, 0, 21], [1, 0, 8], [0, 1, 0]], [1.0, 1.2033, 23.6788]]
[[[0, 0, 0], [1, 0, 0], [0, 1, 0], [0, 0, 22], [1, 0, 7], [0, 1, 0]], [1.0, 1.1688, 24.234]]
[[[0, 0, 0], [1, 0, 0], [0, 1, 0], [0, 0, 23], [1, 0, 6], [0, 1, 0]], [1.0, 1.1374, 24.832]]
[[[0, 0, 0], [1, 0, 0], [0, 1, 0], [0, 0, 24], [1, 0, 5], [0, 1, 0]], [1.0, 1.1089, 25.4659]]
[[[0, 0, 0], [1, 0, 0], [0, 1, 0], [0, 0, 25], [1, 0, 4], [0, 1, 0]], [1.0, 1.0829, 26.1297]]
[[[0, 0, 0], [1, 0, 0], [0, 1, 0], [0, 0, 26], [1, 0, 3], [0, 1, 0]], [1.0, 1.0592, 26.8187]]
[[[0, 0, 0], [1, 0, 0], [0, 1, 0], [0, 0, 27], [1, 0, 2], [0, 1, 0]], [1.0, 1.0377, 27.5288]]
[[[0, 0, 0], [1, 0, 0], [0, 1, 0], [0, 0, 28], [1, 0, 1], [0, 1, 0]], [1.0, 1.018, 28.2568]]
[[[0, 0, 0], [1, 0, 0], [0, 1, 0], [0, 0, 15], [1, 0, 15], [0, 1, 0]], [1.0, 1.5, 22.5002]]
[[[0, 0, 0], [1, 0, 0], [0, 1, 0], [0, 0, 16], [1, 0, 14], [0, 1, 0]], [1.0, 1.4502, 22.5498]]
[[[0, 0, 0], [1, 0, 0], [0, 1, 0], [0, 0, 17], [1, 0, 13], [0, 1, 0]], [1.0, 1.4013, 22.6974]]
[[[0, 0, 0], [1, 0, 0], [0, 1, 0], [0, 0, 18], [1, 0, 12], [0, 1, 0]], [1.0, 1.3542, 22.9373]]
[[[0, 0, 0], [1, 0, 0], [0, 1, 0], [0, 0, 19], [1, 0, 11], [0, 1, 0]], [1.0, 1.3097, 23.2614]]
[[[0, 0, 0], [1, 0, 0], [0, 1, 0], [0, 0, 20], [1, 0, 10], [0, 1, 0]], [1.0, 1.2679, 23.6603]]
[[[0, 0, 0], [1, 0, 0], [0, 1, 0], [0, 0, 21], [1, 0, 9], [0, 1, 0]], [1.0, 1.2293, 24.1241]]
[[[0, 0, 0], [1, 0, 0], [0, 1, 0], [0, 0, 22], [1, 0, 8], [0, 1, 0]], [1.0, 1.1938, 24.6437]]
[[[0, 0, 0], [1, 0, 0], [0, 1, 0], [0, 0, 23], [1, 0, 7], [0, 1, 0]], [1.0, 1.1612, 25.2103]]
[[[0, 0, 0], [1, 0, 0], [0, 1, 0], [0, 0, 24], [1, 0, 6], [0, 1, 0]], [1.0, 1.1315, 25.8167]]
[[[0, 0, 0], [1, 0, 0], [0, 1, 0], [0, 0, 25], [1, 0, 5], [0, 1, 0]], [1.0, 1.1044, 26.4564]]
[[[0, 0, 0], [1, 0, 0], [0, 1, 0], [0, 0, 26], [1, 0, 4], [0, 1, 0]], [1.0, 1.0796, 27.1244]]
[[[0, 0, 0], [1, 0, 0], [0, 1, 0], [0, 0, 27], [1, 0, 3], [0, 1, 0]], [1.0, 1.057, 27.816]]
[[[0, 0, 0], [1, 0, 0], [0, 1, 0], [0, 0, 28], [1, 0, 2], [0, 1, 0]], [1.0, 1.0363, 28.5277]]
[[[0, 0, 0], [1, 0, 0], [0, 1, 0], [0, 0, 29], [1, 0, 1], [0, 1, 0]], [1.0, 1.0174, 29.2566]]
[[[0, 0, 0], [1, 0, 0], [0, 1, 0], [0, 0, 16], [1, 0, 15], [0, 1, 0]], [1.0, 1.4758, 23.2621]]
[[[0, 0, 0], [1, 0, 0], [0, 1, 0], [0, 0, 17], [1, 0, 14], [0, 1, 0]], [1.0, 1.4279, 23.3581]]
[[[0, 0, 0], [1, 0, 0], [0, 1, 0], [0, 0, 18], [1, 0, 13], [0, 1, 0]], [1.0, 1.3813, 23.5467]]
[[[0, 0, 0], [1, 0, 0], [0, 1, 0], [0, 0, 19], [1, 0, 12], [0, 1, 0]], [1.0, 1.3367, 23.8217]]
[[[0, 0, 0], [1, 0, 0], [0, 1, 0], [0, 0, 20], [1, 0, 11], [0, 1, 0]], [1.0, 1.2945, 24.1747]]
[[[0, 0, 0], [1, 0, 0], [0, 1, 0], [0, 0, 21], [1, 0, 10], [0, 1, 0]], [1.0, 1.2551, 24.5967]]
[[[0, 0, 0], [1, 0, 0], [0, 1, 0], [0, 0, 22], [1, 0, 9], [0, 1, 0]], [1.0, 1.2187, 25.0786]]
[[[0, 0, 0], [1, 0, 0], [0, 1, 0], [0, 0, 23], [1, 0, 8], [0, 1, 0]], [1.0, 1.1851, 25.6119]]
[[[0, 0, 0], [1, 0, 0], [0, 1, 0], [0, 0, 24], [1, 0, 7], [0, 1, 0]], [1.0, 1.1543, 26.1888]]
[[[0, 0, 0], [1, 0, 0], [0, 1, 0], [0, 0, 25], [1, 0, 6], [0, 1, 0]], [1.0, 1.126, 26.8027]]
[[[0, 0, 0], [1, 0, 0], [0, 1, 0], [0, 0, 26], [1, 0, 5], [0, 1, 0]], [1.0, 1.1002, 27.4478]]
[[[0, 0, 0], [1, 0, 0], [0, 1, 0], [0, 0, 27], [1, 0, 4], [0, 1, 0]], [1.0, 1.0766, 28.1194]]
[[[0, 0, 0], [1, 0, 0], [0, 1, 0], [0, 0, 28], [1, 0, 3], [0, 1, 0]], [1.0, 1.0549, 28.8135]]
[[[0, 0, 0], [1, 0, 0], [0, 1, 0], [0, 0, 29], [1, 0, 2], [0, 1, 0]], [1.0, 1.0351, 29.5268]]
[[[0, 0, 0], [1, 0, 0], [0, 1, 0], [0, 0, 30], [1, 0, 1], [0, 1, 0]], [1.0, 1.0168, 30.2564]]
[[[0, 0, 0], [1, 0, 0], [0, 1, 0], [0, 0, 16], [1, 0, 16], [0, 1, 0]], [1.0, 1.5, 24.0003]]
[[[0, 0, 0], [1, 0, 0], [0, 1, 0], [0, 0, 17], [1, 0, 15], [0, 1, 0]], [1.0, 1.4533, 24.0467]]
[[[0, 0, 0], [1, 0, 0], [0, 1, 0], [0, 0, 18], [1, 0, 14], [0, 1, 0]], [1.0, 1.4073, 24.1854]]
[[[0, 0, 0], [1, 0, 0], [0, 1, 0], [0, 0, 19], [1, 0, 13], [0, 1, 0]], [1.0, 1.3629, 24.4113]]
[[[0, 0, 0], [1, 0, 0], [0, 1, 0], [0, 0, 20], [1, 0, 12], [0, 1, 0]], [1.0, 1.3206, 24.7178]]
[[[0, 0, 0], [1, 0, 0], [0, 1, 0], [0, 0, 21], [1, 0, 11], [0, 1, 0]], [1.0, 1.2807, 25.0967]]
[[[0, 0, 0], [1, 0, 0], [0, 1, 0], [0, 0, 22], [1, 0, 10], [0, 1, 0]], [1.0, 1.2434, 25.5394]]
[[[0, 0, 0], [1, 0, 0], [0, 1, 0], [0, 0, 23], [1, 0, 9], [0, 1, 0]], [1.0, 1.2089, 26.0374]]
[[[0, 0, 0], [1, 0, 0], [0, 1, 0], [0, 0, 24], [1, 0, 8], [0, 1, 0]], [1.0, 1.1771, 26.583]]
[[[0, 0, 0], [1, 0, 0], [0, 1, 0], [0, 0, 25], [1, 0, 7], [0, 1, 0]], [1.0, 1.1479, 27.1692]]
[[[0, 0, 0], [1, 0, 0], [0, 1, 0], [0, 0, 26], [1, 0, 6], [0, 1, 0]], [1.0, 1.121, 27.7898]]
[[[0, 0, 0], [1, 0, 0], [0, 1, 0], [0, 0, 27], [1, 0, 5], [0, 1, 0]], [1.0, 1.0964, 28.4399]]
[[[0, 0, 0], [1, 0, 0], [0, 1, 0], [0, 0, 28], [1, 0, 4], [0, 1, 0]], [1.0, 1.0738, 29.1149]]
[[[0, 0, 0], [1, 0, 0], [0, 1, 0], [0, 0, 29], [1, 0, 3], [0, 1, 0]], [1.0, 1.053, 29.8112]]
[[[0, 0, 0], [1, 0, 0], [0, 1, 0], [0, 0, 30], [1, 0, 2], [0, 1, 0]], [1.0, 1.0339, 30.5258]]
[[[0, 0, 0], [1, 0, 0], [0, 1, 0], [0, 0, 31], [1, 0, 1], [0, 1, 0]], [1.0, 1.0163, 31.2561]]
[[[0, 0, 0], [1, 0, 0], [0, 1, 0], [0, 0, 17], [1, 0, 16], [0, 1, 0]], [1.0, 1.4773, 24.7614]]
[[[0, 0, 0], [1, 0, 0], [0, 1, 0], [0, 0, 18], [1, 0, 15], [0, 1, 0]], [1.0, 1.4322, 24.8516]]
[[[0, 0, 0], [1, 0, 0], [0, 1, 0], [0, 0, 19], [1, 0, 14], [0, 1, 0]], [1.0, 1.3883, 25.0294]]
[[[0, 0, 0], [1, 0, 0], [0, 1, 0], [0, 0, 20], [1, 0, 13], [0, 1, 0]], [1.0, 1.3459, 25.2892]]
[[[0, 0, 0], [1, 0, 0], [0, 1, 0], [0, 0, 21], [1, 0, 12], [0, 1, 0]], [1.0, 1.3057, 25.6241]]
[[[0, 0, 0], [1, 0, 0], [0, 1, 0], [0, 0, 22], [1, 0, 11], [0, 1, 0]], [1.0, 1.2679, 26.0263]]
[[[0, 0, 0], [1, 0, 0], [0, 1, 0], [0, 0, 23], [1, 0, 10], [0, 1, 0]], [1.0, 1.2327, 26.4875]]
[[[0, 0, 0], [1, 0, 0], [0, 1, 0], [0, 0, 24], [1, 0, 9], [0, 1, 0]], [1.0, 1.2, 26.9996]]
[[[0, 0, 0], [1, 0, 0], [0, 1, 0], [0, 0, 25], [1, 0, 8], [0, 1, 0]], [1.0, 1.1698, 27.5567]]
[[[0, 0, 0], [1, 0, 0], [0, 1, 0], [0, 0, 26], [1, 0, 7], [0, 1, 0]], [1.0, 1.142, 28.1512]]
[[[0, 0, 0], [1, 0, 0], [0, 1, 0], [0, 0, 27], [1, 0, 6], [0, 1, 0]], [1.0, 1.1164, 28.778]]
[[[0, 0, 0], [1, 0, 0], [0, 1, 0], [0, 0, 28], [1, 0, 5], [0, 1, 0]], [1.0, 1.0928, 29.4325]]
[[[0, 0, 0], [1, 0, 0], [0, 1, 0], [0, 0, 29], [1, 0, 4], [0, 1, 0]], [1.0, 1.0711, 30.1107]]
[[[0, 0, 0], [1, 0, 0], [0, 1, 0], [0, 0, 30], [1, 0, 3], [0, 1, 0]], [1.0, 1.0512, 30.8091]]
[[[0, 0, 0], [1, 0, 0], [0, 1, 0], [0, 0, 31], [1, 0, 2], [0, 1, 0]], [1.0, 1.0328, 31.525]]
[[[0, 0, 0], [1, 0, 0], [0, 1, 0], [0, 0, 32], [1, 0, 1], [0, 1, 0]], [1.0, 1.0157, 32.256]]
[[[0, 0, 0], [1, 0, 0], [0, 1, 0], [0, 0, 17], [1, 0, 17], [0, 1, 0]], [1.0, 1.5, 25.4997]]
[[[0, 0, 0], [1, 0, 0], [0, 1, 0], [0, 0, 18], [1, 0, 16], [0, 1, 0]], [1.0, 1.456, 25.544]]
[[[0, 0, 0], [1, 0, 0], [0, 1, 0], [0, 0, 19], [1, 0, 15], [0, 1, 0]], [1.0, 1.4127, 25.6747]]
[[[0, 0, 0], [1, 0, 0], [0, 1, 0], [0, 0, 20], [1, 0, 14], [0, 1, 0]], [1.0, 1.3706, 25.8882]]
[[[0, 0, 0], [1, 0, 0], [0, 1, 0], [0, 0, 21], [1, 0, 13], [0, 1, 0]], [1.0, 1.3303, 26.1788]]
[[[0, 0, 0], [1, 0, 0], [0, 1, 0], [0, 0, 22], [1, 0, 12], [0, 1, 0]], [1.0, 1.2921, 26.5394]]
[[[0, 0, 0], [1, 0, 0], [0, 1, 0], [0, 0, 23], [1, 0, 11], [0, 1, 0]], [1.0, 1.2563, 26.9624]]
[[[0, 0, 0], [1, 0, 0], [0, 1, 0], [0, 0, 24], [1, 0, 10], [0, 1, 0]], [1.0, 1.2228, 27.4403]]
[[[0, 0, 0], [1, 0, 0], [0, 1, 0], [0, 0, 25], [1, 0, 9], [0, 1, 0]], [1.0, 1.1918, 27.9659]]
[[[0, 0, 0], [1, 0, 0], [0, 1, 0], [0, 0, 26], [1, 0, 8], [0, 1, 0]], [1.0, 1.163, 28.5326]]
[[[0, 0, 0], [1, 0, 0], [0, 1, 0], [0, 0, 27], [1, 0, 7], [0, 1, 0]], [1.0, 1.1365, 29.1347]]
[[[0, 0, 0], [1, 0, 0], [0, 1, 0], [0, 0, 28], [1, 0, 6], [0, 1, 0]], [1.0, 1.1121, 29.7671]]
[[[0, 0, 0], [1, 0, 0], [0, 1, 0], [0, 0, 29], [1, 0, 5], [0, 1, 0]], [1.0, 1.0895, 30.4257]]
[[[0, 0, 0], [1, 0, 0], [0, 1, 0], [0, 0, 30], [1, 0, 4], [0, 1, 0]], [1.0, 1.0687, 31.1067]]
[[[0, 0, 0], [1, 0, 0], [0, 1, 0], [0, 0, 31], [1, 0, 3], [0, 1, 0]], [1.0, 1.0495, 31.8071]]
[[[0, 0, 0], [1, 0, 0], [0, 1, 0], [0, 0, 32], [1, 0, 2], [0, 1, 0]], [1.0, 1.0317, 32.5242]]
[[[0, 0, 0], [1, 0, 0], [0, 1, 0], [0, 0, 33], [1, 0, 1], [0, 1, 0]], [1.0, 1.0153, 33.2558]]
[[[0, 0, 0], [1, 0, 0], [0, 1, 0], [0, 0, 18], [1, 0, 17], [0, 1, 0]], [1.0, 1.4786, 26.2607]]
[[[0, 0, 0], [1, 0, 0], [0, 1, 0], [0, 0, 19], [1, 0, 16], [0, 1, 0]], [1.0, 1.4361, 26.3459]]
[[[0, 0, 0], [1, 0, 0], [0, 1, 0], [0, 0, 20], [1, 0, 15], [0, 1, 0]], [1.0, 1.3944, 26.5139]]
[[[0, 0, 0], [1, 0, 0], [0, 1, 0], [0, 0, 21], [1, 0, 14], [0, 1, 0]], [1.0, 1.3542, 26.7601]]
[[[0, 0, 0], [1, 0, 0], [0, 1, 0], [0, 0, 22], [1, 0, 13], [0, 1, 0]], [1.0, 1.3159, 27.0786]]
[[[0, 0, 0], [1, 0, 0], [0, 1, 0], [0, 0, 23], [1, 0, 12], [0, 1, 0]], [1.0, 1.2796, 27.4624]]
[[[0, 0, 0], [1, 0, 0], [0, 1, 0], [0, 0, 24], [1, 0, 11], [0, 1, 0]], [1.0, 1.2455, 27.9043]]
[[[0, 0, 0], [1, 0, 0], [0, 1, 0], [0, 0, 25], [1, 0, 10], [0, 1, 0]], [1.0, 1.2137, 28.3972]]
[[[0, 0, 0], [1, 0, 0], [0, 1, 0], [0, 0, 26], [1, 0, 9], [0, 1, 0]], [1.0, 1.1842, 28.9346]]
[[[0, 0, 0], [1, 0, 0], [0, 1, 0], [0, 0, 27], [1, 0, 8], [0, 1, 0]], [1.0, 1.1568, 29.5104]]
[[[0, 0, 0], [1, 0, 0], [0, 1, 0], [0, 0, 28], [1, 0, 7], [0, 1, 0]], [1.0, 1.1315, 30.1194]]
[[[0, 0, 0], [1, 0, 0], [0, 1, 0], [0, 0, 29], [1, 0, 6], [0, 1, 0]], [1.0, 1.1081, 30.7571]]
[[[0, 0, 0], [1, 0, 0], [0, 1, 0], [0, 0, 30], [1, 0, 5], [0, 1, 0]], [1.0, 1.0864, 31.4194]]
[[[0, 0, 0], [1, 0, 0], [0, 1, 0], [0, 0, 31], [1, 0, 4], [0, 1, 0]], [1.0, 1.0664, 32.1031]]
[[[0, 0, 0], [1, 0, 0], [0, 1, 0], [0, 0, 32], [1, 0, 3], [0, 1, 0]], [1.0, 1.0479, 32.8052]]
[[[0, 0, 0], [1, 0, 0], [0, 1, 0], [0, 0, 33], [1, 0, 2], [0, 1, 0]], [1.0, 1.0307, 33.5234]]
[[[0, 0, 0], [1, 0, 0], [0, 1, 0], [0, 0, 34], [1, 0, 1], [0, 1, 0]], [1.0, 1.0148, 34.2556]]
[[[0, 0, 0], [1, 0, 0], [0, 1, 0], [0, 0, 18], [1, 0, 18], [0, 1, 0]], [1.0, 1.5, 26.9998]]
[[[0, 0, 0], [1, 0, 0], [0, 1, 0], [0, 0, 19], [1, 0, 17], [0, 1, 0]], [1.0, 1.4584, 27.0416]]
[[[0, 0, 0], [1, 0, 0], [0, 1, 0], [0, 0, 20], [1, 0, 16], [0, 1, 0]], [1.3609, 0.1229, 24.6315]]
[[[0, 0, 0], [1, 0, 0], [0, 1, 0], [0, 0, 21], [1, 0, 15], [0, 1, 0]], [1.0, 1.3775, 27.3675]]
[[[0, 0, 0], [1, 0, 0], [0, 1, 0], [0, 0, 22], [1, 0, 14], [0, 1, 0]], [1.0, 1.3391, 27.6437]]
[[[0, 0, 0], [1, 0, 0], [0, 1, 0], [0, 0, 23], [1, 0, 13], [0, 1, 0]], [1.0, 1.3025, 27.9875]]
[[[0, 0, 0], [1, 0, 0], [0, 1, 0], [0, 0, 24], [1, 0, 12], [0, 1, 0]], [1.0, 1.2679, 28.3923]]
[[[0, 0, 0], [1, 0, 0], [0, 1, 0], [0, 0, 25], [1, 0, 11], [0, 1, 0]], [1.0, 1.2355, 28.8513]]
[[[0, 0, 0], [1, 0, 0], [0, 1, 0], [0, 0, 26], [1, 0, 10], [0, 1, 0]], [1.0, 1.2053, 29.3578]]
[[[0, 0, 0], [1, 0, 0], [0, 1, 0], [0, 0, 27], [1, 0, 9], [0, 1, 0]], [1.0, 1.1771, 29.9059]]
[[[0, 0, 0], [1, 0, 0], [0, 1, 0], [0, 0, 28], [1, 0, 8], [0, 1, 0]], [1.0, 1.151, 30.49]]
[[[0, 0, 0], [1, 0, 0], [0, 1, 0], [0, 0, 29], [1, 0, 7], [0, 1, 0]], [1.0, 1.1268, 31.1053]]
[[[0, 0, 0], [1, 0, 0], [0, 1, 0], [0, 0, 30], [1, 0, 6], [0, 1, 0]], [1.0, 1.1044, 31.7477]]
[[[0, 0, 0], [1, 0, 0], [0, 1, 0], [0, 0, 31], [1, 0, 5], [0, 1, 0]], [1.0, 1.0836, 32.4135]]
[[[0, 0, 0], [1, 0, 0], [0, 1, 0], [0, 0, 32], [1, 0, 4], [0, 1, 0]], [1.0, 1.0643, 33.0997]]
[[[0, 0, 0], [1, 0, 0], [0, 1, 0], [0, 0, 33], [1, 0, 3], [0, 1, 0]], [1.0, 1.0464, 33.8035]]
[[[0, 0, 0], [1, 0, 0], [0, 1, 0], [0, 0, 34], [1, 0, 2], [0, 1, 0]], [1.0, 1.0298, 34.5227]]
[[[0, 0, 0], [1, 0, 0], [0, 1, 0], [0, 0, 35], [1, 0, 1], [0, 1, 0]], [1.0, 1.0144, 35.2554]]
[[[0, 0, 0], [1, 0, 0], [0, 1, 0], [0, 0, 19], [1, 0, 18], [0, 1, 0]], [1.0, 1.4797, 27.7601]]
[[[0, 0, 0], [1, 0, 0], [0, 1, 0], [0, 0, 20], [1, 0, 17], [0, 1, 0]], [1.0, 1.4395, 27.8408]]
[[[0, 0, 0], [1, 0, 0], [0, 1, 0], [0, 0, 21], [1, 0, 16], [0, 1, 0]], [1.0, 1.4, 28.0]]
[[[0, 0, 0], [1, 0, 0], [0, 1, 0], [0, 0, 22], [1, 0, 15], [0, 1, 0]], [1.0, 1.3617, 28.234]]
[[[0, 0, 0], [1, 0, 0], [0, 1, 0], [0, 0, 23], [1, 0, 14], [0, 1, 0]], [1.0, 1.325, 28.5374]]
[[[0, 0, 0], [1, 0, 0], [0, 1, 0], [0, 0, 24], [1, 0, 13], [0, 1, 0]], [1.0, 1.2901, 28.9043]]
[[[0, 0, 0], [1, 0, 0], [0, 1, 0], [0, 0, 25], [1, 0, 12], [0, 1, 0]], [1.0, 1.2572, 29.3282]]
[[[0, 0, 0], [1, 0, 0], [0, 1, 0], [0, 0, 26], [1, 0, 11], [0, 1, 0]], [1.0, 1.2263, 29.8027]]
[[[0, 0, 0], [1, 0, 0], [0, 1, 0], [0, 0, 27], [1, 0, 10], [0, 1, 0]], [1.0, 1.1975, 30.3216]]
[[[0, 0, 0], [1, 0, 0], [0, 1, 0], [0, 0, 28], [1, 0, 9], [0, 1, 0]], [1.0, 1.1706, 30.8794]]
[[[0, 0, 0], [1, 0, 0], [0, 1, 0], [0, 0, 29], [1, 0, 8], [0, 1, 0]], [1.0, 1.1456, 31.4711]]
[[[0, 0, 0], [1, 0, 0], [0, 1, 0], [0, 0, 30], [1, 0, 7], [0, 1, 0]], [1.0, 1.1224, 32.0923]]
[[[0, 0, 0], [1, 0, 0], [0, 1, 0], [0, 0, 31], [1, 0, 6], [0, 1, 0]], [1.0, 1.1009, 32.739]]
[[[0, 0, 0], [1, 0, 0], [0, 1, 0], [0, 0, 32], [1, 0, 5], [0, 1, 0]], [1.0, 1.0809, 33.4081]]
[[[0, 0, 0], [1, 0, 0], [0, 1, 0], [0, 0, 33], [1, 0, 4], [0, 1, 0]], [1.0, 1.0623, 34.0965]]
[[[0, 0, 0], [1, 0, 0], [0, 1, 0], [0, 0, 34], [1, 0, 3], [0, 1, 0]], [1.0, 1.045, 34.8018]]
[[[0, 0, 0], [1, 0, 0], [0, 1, 0], [0, 0, 35], [1, 0, 2], [0, 1, 0]], [1.0, 1.029, 35.522]]
[[[0, 0, 0], [1, 0, 0], [0, 1, 0], [0, 0, 36], [1, 0, 1], [0, 1, 0]], [1.0, 1.014, 36.2553]]
[[[0, 0, 0], [1, 0, 0], [0, 1, 0], [0, 0, 19], [1, 0, 19], [0, 1, 0]], [1.0, 1.5, 28.4996]]
[[[0, 0, 0], [1, 0, 0], [0, 1, 0], [0, 0, 20], [1, 0, 18], [0, 1, 0]], [1.0, 1.4606, 28.5394]]
[[[0, 0, 0], [1, 0, 0], [0, 1, 0], [0, 0, 21], [1, 0, 17], [0, 1, 0]], [1.0, 1.4217, 28.6566]]
[[[0, 0, 0], [1, 0, 0], [0, 1, 0], [0, 0, 22], [1, 0, 16], [0, 1, 0]], [1.0, 1.3837, 28.8489]]
[[[0, 0, 0], [1, 0, 0], [0, 1, 0], [0, 0, 23], [1, 0, 15], [0, 1, 0]], [1.0, 1.347, 29.1119]]
[[[0, 0, 0], [1, 0, 0], [0, 1, 0], [0, 0, 24], [1, 0, 14], [0, 1, 0]], [1.0, 1.3119, 29.4403]]
[[[0, 0, 0], [1, 0, 0], [0, 1, 0], [0, 0, 25], [1, 0, 13], [0, 1, 0]], [1.0, 1.2786, 29.8282]]
[[[0, 0, 0], [1, 0, 0], [0, 1, 0], [0, 0, 26], [1, 0, 12], [0, 1, 0]], [1.0, 1.2472, 30.2694]]
[[[0, 0, 0], [1, 0, 0], [0, 1, 0], [0, 0, 27], [1, 0, 11], [0, 1, 0]], [1.0, 1.2178, 30.758]]
[[[0, 0, 0], [1, 0, 0], [0, 1, 0], [0, 0, 28], [1, 0, 10], [0, 1, 0]], [1.0, 1.1902, 31.2882]]
[[[0, 0, 0], [1, 0, 0], [0, 1, 0], [0, 0, 29], [1, 0, 9], [0, 1, 0]], [1.0, 1.1645, 31.855]]
[[[0, 0, 0], [1, 0, 0], [0, 1, 0], [0, 0, 30], [1, 0, 8], [0, 1, 0]], [1.0, 1.1406, 32.4536]]
[[[0, 0, 0], [1, 0, 0], [0, 1, 0], [0, 0, 31], [1, 0, 7], [0, 1, 0]], [1.0, 1.1183, 33.0801]]
[[[0, 0, 0], [1, 0, 0], [0, 1, 0], [0, 0, 32], [1, 0, 6], [0, 1, 0]], [1.0, 1.0976, 33.7309]]
[[[0, 0, 0], [1, 0, 0], [0, 1, 0], [0, 0, 33], [1, 0, 5], [0, 1, 0]], [1.0, 1.0784, 34.4029]]
[[[0, 0, 0], [1, 0, 0], [0, 1, 0], [0, 0, 34], [1, 0, 4], [0, 1, 0]], [1.0, 1.0604, 35.0935]]
[[[0, 0, 0], [1, 0, 0], [0, 1, 0], [0, 0, 35], [1, 0, 3], [0, 1, 0]], [1.0, 1.0437, 35.8003]]
[[[0, 0, 0], [1, 0, 0], [0, 1, 0], [0, 0, 36], [1, 0, 2], [0, 1, 0]], [1.0, 1.0282, 36.5214]]
[[[0, 0, 0], [1, 0, 0], [0, 1, 0], [0, 0, 37], [1, 0, 1], [0, 1, 0]], [1.0, 1.0136, 37.2551]]
[[[0, 0, 0], [1, 0, 0], [0, 1, 0], [0, 0, 20], [1, 0, 19], [0, 1, 0]], [1.0, 1.4808, 29.2596]]
[[[0, 0, 0], [1, 0, 0], [0, 1, 0], [0, 0, 21], [1, 0, 18], [0, 1, 0]], [1.0, 1.4426, 29.3362]]
[[[0, 0, 0], [1, 0, 0], [0, 1, 0], [0, 0, 22], [1, 0, 17], [0, 1, 0]], [1.0, 1.405, 29.4875]]
[[[0, 0, 0], [1, 0, 0], [0, 1, 0], [0, 0, 23], [1, 0, 16], [0, 1, 0]], [1.0, 1.3685, 29.7103]]
[[[0, 0, 0], [1, 0, 0], [0, 1, 0], [0, 0, 24], [1, 0, 15], [0, 1, 0]], [1.0, 1.3333, 30.0003]]
[[[0, 0, 0], [1, 0, 0], [0, 1, 0], [0, 0, 25], [1, 0, 14], [0, 1, 0]], [1.0, 1.2998, 30.3513]]
[[[0, 0, 0], [1, 0, 0], [0, 1, 0], [0, 0, 26], [1, 0, 13], [0, 1, 0]], [1.0, 1.2679, 30.7583]]
[[[0, 0, 0], [1, 0, 0], [0, 1, 0], [0, 0, 27], [1, 0, 12], [0, 1, 0]], [1.0, 1.238, 31.2154]]
[[[0, 0, 0], [1, 0, 0], [0, 1, 0], [0, 0, 28], [1, 0, 11], [0, 1, 0]], [1.0, 1.2098, 31.7168]]
[[[0, 0, 0], [1, 0, 0], [0, 1, 0], [0, 0, 29], [1, 0, 10], [0, 1, 0]], [1.0, 1.1834, 32.2574]]
[[[0, 0, 0], [1, 0, 0], [0, 1, 0], [0, 0, 30], [1, 0, 9], [0, 1, 0]], [1.0, 1.1588, 32.8323]]
[[[0, 0, 0], [1, 0, 0], [0, 1, 0], [0, 0, 31], [1, 0, 8], [0, 1, 0]], [1.0, 1.1359, 33.4374]]
[[[0, 0, 0], [1, 0, 0], [0, 1, 0], [0, 0, 32], [1, 0, 7], [0, 1, 0]], [1.0, 1.1145, 34.0688]]
[[[0, 0, 0], [1, 0, 0], [0, 1, 0], [0, 0, 33], [1, 0, 6], [0, 1, 0]], [1.0, 1.0946, 34.7233]]
[[[0, 0, 0], [1, 0, 0], [0, 1, 0], [0, 0, 34], [1, 0, 5], [0, 1, 0]], [1.0, 1.076, 35.3981]]
[[[0, 0, 0], [1, 0, 0], [0, 1, 0], [0, 0, 35], [1, 0, 4], [0, 1, 0]], [1.0, 1.0587, 36.0907]]
[[[0, 0, 0], [1, 0, 0], [0, 1, 0], [0, 0, 36], [1, 0, 3], [0, 1, 0]], [1.0, 1.0425, 36.7988]]
[[[0, 0, 0], [1, 0, 0], [0, 1, 0], [0, 0, 37], [1, 0, 2], [0, 1, 0]], [1.0, 1.0274, 37.5208]]
[[[0, 0, 0], [1, 0, 0], [0, 1, 0], [0, 0, 38], [1, 0, 1], [0, 1, 0]], [1.0, 1.0132, 38.255]]
[[[0, 0, 0], [1, 0, 0], [0, 1, 0], [0, 0, 20], [1, 0, 20], [0, 1, 0]], [1.0, 1.5, 30.0002]]
[[[0, 0, 0], [1, 0, 0], [0, 1, 0], [0, 0, 21], [1, 0, 19], [0, 1, 0]], [1.0, 1.4626, 30.0374]]
[[[0, 0, 0], [1, 0, 0], [0, 1, 0], [0, 0, 22], [1, 0, 18], [0, 1, 0]], [1.0, 1.4256, 30.1489]]
[[[0, 0, 0], [1, 0, 0], [0, 1, 0], [0, 0, 23], [1, 0, 17], [0, 1, 0]], [1.0, 1.3893, 30.332]]
[[[0, 0, 0], [1, 0, 0], [0, 1, 0], [0, 0, 24], [1, 0, 16], [0, 1, 0]], [1.0, 1.3542, 30.583]]
[[[0, 0, 0], [1, 0, 0], [0, 1, 0], [0, 0, 25], [1, 0, 15], [0, 1, 0]], [1.0, 1.3206, 30.8972]]
[[[0, 0, 0], [1, 0, 0], [0, 1, 0], [0, 0, 26], [1, 0, 14], [0, 1, 0]], [1.0, 1.2884, 31.2694]]
[[[0, 0, 0], [1, 0, 0], [0, 1, 0], [0, 0, 27], [1, 0, 13], [0, 1, 0]], [1.0, 1.258, 31.694]]
[[[0, 0, 0], [1, 0, 0], [0, 1, 0], [0, 0, 28], [1, 0, 12], [0, 1, 0]], [1.0, 1.2293, 32.1655]]
[[[0, 0, 0], [1, 0, 0], [0, 1, 0], [0, 0, 29], [1, 0, 11], [0, 1, 0]], [1.0, 1.2024, 32.6787]]
[[[0, 0, 0], [1, 0, 0], [0, 1, 0], [0, 0, 30], [1, 0, 10], [0, 1, 0]], [1.0, 1.1771, 33.2288]]
[[[0, 0, 0], [1, 0, 0], [0, 1, 0], [0, 0, 31], [1, 0, 9], [0, 1, 0]], [1.0, 1.1535, 33.8112]]
[[[0, 0, 0], [1, 0, 0], [0, 1, 0], [0, 0, 32], [1, 0, 8], [0, 1, 0]], [1.0, 1.1315, 34.4222]]
[[[0, 0, 0], [1, 0, 0], [0, 1, 0], [0, 0, 33], [1, 0, 7], [0, 1, 0]], [1.0, 1.1109, 35.0582]]
[[[0, 0, 0], [1, 0, 0], [0, 1, 0], [0, 0, 34], [1, 0, 6], [0, 1, 0]], [1.0, 1.0917, 35.7162]]
[[[0, 0, 0], [1, 0, 0], [0, 1, 0], [0, 0, 35], [1, 0, 5], [0, 1, 0]], [1.0, 1.0738, 36.3936]]
[[[0, 0, 0], [1, 0, 0], [0, 1, 0], [0, 0, 36], [1, 0, 4], [0, 1, 0]], [1.0, 1.057, 37.088]]
[[[0, 0, 0], [1, 0, 0], [0, 1, 0], [0, 0, 37], [1, 0, 3], [0, 1, 0]], [1.0, 1.0413, 37.7975]]
[[[0, 0, 0], [1, 0, 0], [0, 1, 0], [0, 0, 38], [1, 0, 2], [0, 1, 0]], [1.0, 1.0267, 38.5203]]
[[[0, 0, 0], [1, 0, 0], [0, 1, 0], [0, 0, 39], [1, 0, 1], [0, 1, 0]], [1.0, 1.0129, 39.2549]]
[[[0, 0, 0], [1, 0, 0], [0, 1, 0], [0, 0, 21], [1, 0, 20], [0, 1, 0]], [1.0, 1.4817, 30.7591]]
[[[0, 0, 0], [1, 0, 0], [0, 1, 0], [0, 0, 22], [1, 0, 19], [0, 1, 0]], [1.0, 1.4453, 30.832]]
[[[0, 0, 0], [1, 0, 0], [0, 1, 0], [0, 0, 23], [1, 0, 18], [0, 1, 0]], [1.0, 1.4095, 30.9762]]
[[[0, 0, 0], [1, 0, 0], [0, 1, 0], [0, 0, 24], [1, 0, 17], [0, 1, 0]], [1.0, 1.3746, 31.1888]]
[[[0, 0, 0], [1, 0, 0], [0, 1, 0], [0, 0, 25], [1, 0, 16], [0, 1, 0]], [1.0, 1.3409, 31.4659]]
[[[0, 0, 0], [1, 0, 0], [0, 1, 0], [0, 0, 26], [1, 0, 15], [0, 1, 0]], [1.0, 1.3086, 31.8027]]
[[[0, 0, 0], [1, 0, 0], [0, 1, 0], [0, 0, 27], [1, 0, 14], [0, 1, 0]], [1.0, 1.2778, 32.194]]
[[[0, 0, 0], [1, 0, 0], [0, 1, 0], [0, 0, 28], [1, 0, 13], [0, 1, 0]], [1.0, 1.2487, 32.6347]]
[[[0, 0, 0], [1, 0, 0], [0, 1, 0], [0, 0, 29], [1, 0, 12], [0, 1, 0]], [1.0, 1.2212, 33.1194]]
[[[0, 0, 0], [1, 0, 0], [0, 1, 0], [0, 0, 30], [1, 0, 11], [0, 1, 0]], [1.0, 1.1954, 33.6434]]
[[[0, 0, 0], [1, 0, 0], [0, 1, 0], [0, 0, 31], [1, 0, 10], [0, 1, 0]], [1.0, 1.1712, 34.2022]]
[[[0, 0, 0], [1, 0, 0], [0, 1, 0], [0, 0, 32], [1, 0, 9], [0, 1, 0]], [1.0, 1.1486, 34.7916]]
[[[0, 0, 0], [1, 0, 0], [0, 1, 0], [0, 0, 33], [1, 0, 8], [0, 1, 0]], [1.0, 1.1274, 35.4081]]
[[[0, 0, 0], [1, 0, 0], [0, 1, 0], [0, 0, 34], [1, 0, 7], [0, 1, 0]], [1.0, 1.1075, 36.0483]]
[[[0, 0, 0], [1, 0, 0], [0, 1, 0], [0, 0, 35], [1, 0, 6], [0, 1, 0]], [1.0, 1.089, 36.7096]]
[[[0, 0, 0], [1, 0, 0], [0, 1, 0], [0, 0, 36], [1, 0, 5], [0, 1, 0]], [1.0, 1.0717, 37.3893]]
[[[0, 0, 0], [1, 0, 0], [0, 1, 0], [0, 0, 37], [1, 0, 4], [0, 1, 0]], [1.0, 1.0554, 38.0855]]
[[[0, 0, 0], [1, 0, 0], [0, 1, 0], [0, 0, 38], [1, 0, 3], [0, 1, 0]], [1.0, 1.0402, 38.7962]]
[[[0, 0, 0], [1, 0, 0], [0, 1, 0], [0, 0, 39], [1, 0, 2], [0, 1, 0]], [1.0, 1.026, 39.5197]]
[[[0, 0, 0], [1, 0, 0], [0, 1, 0], [0, 0, 40], [1, 0, 1], [0, 1, 0]], [1.0, 1.0126, 40.2547]]
[[[0, 0, 0], [1, 0, 0], [0, 1, 0], [0, 0, 21], [1, 0, 21], [0, 1, 0]], [1.0, 1.5, 31.5002]]
[[[0, 0, 0], [1, 0, 0], [0, 1, 0], [0, 0, 22], [1, 0, 20], [0, 1, 0]], [1.0, 1.4643, 31.5357]]
[[[0, 0, 0], [1, 0, 0], [0, 1, 0], [0, 0, 23], [1, 0, 19], [0, 1, 0]], [1.0, 1.4291, 31.6419]]
[[[0, 0, 0], [1, 0, 0], [0, 1, 0], [0, 0, 24], [1, 0, 18], [0, 1, 0]], [1.0, 1.3944, 31.8167]]
[[[0, 0, 0], [1, 0, 0], [0, 1, 0], [0, 0, 25], [1, 0, 17], [0, 1, 0]], [1.0, 1.3608, 32.0567]]
[[[0, 0, 0], [1, 0, 0], [0, 1, 0], [0, 0, 26], [1, 0, 16], [0, 1, 0]], [1.0, 1.3284, 32.3578]]
[[[0, 0, 0], [1, 0, 0], [0, 1, 0], [0, 0, 27], [1, 0, 15], [0, 1, 0]], [1.0, 1.2974, 32.7154]]
[[[0, 0, 0], [1, 0, 0], [0, 1, 0], [0, 0, 28], [1, 0, 14], [0, 1, 0]], [1.0, 1.2679, 33.1244]]
[[[0, 0, 0], [1, 0, 0], [0, 1, 0], [0, 0, 29], [1, 0, 13], [0, 1, 0]], [1.0, 1.24, 33.5797]]
[[[0, 0, 0], [1, 0, 0], [0, 1, 0], [0, 0, 30], [1, 0, 12], [0, 1, 0]], [1.0, 1.2137, 34.0767]]
[[[0, 0, 0], [1, 0, 0], [0, 1, 0], [0, 0, 31], [1, 0, 11], [0, 1, 0]], [1.0, 1.1889, 34.6107]]
[[[0, 0, 0], [1, 0, 0], [0, 1, 0], [0, 0, 32], [1, 0, 10], [0, 1, 0]], [1.0, 1.1657, 35.1774]]
[[[0, 0, 0], [1, 0, 0], [0, 1, 0], [0, 0, 33], [1, 0, 9], [0, 1, 0]], [1.0, 1.1439, 35.7733]]
[[[0, 0, 0], [1, 0, 0], [0, 1, 0], [0, 0, 34], [1, 0, 8], [0, 1, 0]], [1.0, 1.1235, 36.3948]]
[[[0, 0, 0], [1, 0, 0], [0, 1, 0], [0, 0, 35], [1, 0, 7], [0, 1, 0]], [1.0, 1.1044, 37.039]]
[[[0, 0, 0], [1, 0, 0], [0, 1, 0], [0, 0, 36], [1, 0, 6], [0, 1, 0]], [1.0, 1.0864, 37.7033]]
[[[0, 0, 0], [1, 0, 0], [0, 1, 0], [0, 0, 37], [1, 0, 5], [0, 1, 0]], [1.0, 1.0697, 38.3853]]
[[[0, 0, 0], [1, 0, 0], [0, 1, 0], [0, 0, 38], [1, 0, 4], [0, 1, 0]], [1.0, 1.0539, 39.0831]]
[[[0, 0, 0], [1, 0, 0], [0, 1, 0], [0, 0, 39], [1, 0, 3], [0, 1, 0]], [1.0, 1.0392, 39.7949]]
[[[0, 0, 0], [1, 0, 0], [0, 1, 0], [0, 0, 40], [1, 0, 2], [0, 1, 0]], [1.0, 1.0253, 40.5192]]
[[[0, 0, 0], [1, 0, 0], [0, 1, 0], [0, 0, 41], [1, 0, 1], [0, 1, 0]], [1.0, 1.0123, 41.2546]]
[[[0, 0, 0], [1, 0, 0], [0, 1, 0], [0, 0, 22], [1, 0, 21], [0, 1, 0]], [1.0, 1.4826, 32.2587]]
[[[0, 0, 0], [1, 0, 0], [0, 1, 0], [0, 0, 23], [1, 0, 20], [0, 1, 0]], [1.0, 1.4479, 32.3282]]
[[[0, 0, 0], [1, 0, 0], [0, 1, 0], [0, 0, 24], [1, 0, 19], [0, 1, 0]], [1.0, 1.4137, 32.4659]]
[[[0, 0, 0], [1, 0, 0], [0, 1, 0], [0, 0, 25], [1, 0, 18], [0, 1, 0]], [1.0, 1.3802, 32.6692]]
[[[0, 0, 0], [1, 0, 0], [0, 1, 0], [0, 0, 26], [1, 0, 17], [0, 1, 0]], [1.0, 1.3479, 32.9346]]
[[[0, 0, 0], [1, 0, 0], [0, 1, 0], [0, 0, 27], [1, 0, 16], [0, 1, 0]], [1.0, 1.3167, 33.258]]
[[[0, 0, 0], [1, 0, 0], [0, 1, 0], [0, 0, 28], [1, 0, 15], [0, 1, 0]], [1.0, 1.287, 33.6347]]
[[[0, 0, 0], [1, 0, 0], [0, 1, 0], [0, 0, 29], [1, 0, 14], [0, 1, 0]], [1.0, 1.2587, 34.0599]]
[[[0, 0, 0], [1, 0, 0], [0, 1, 0], [0, 0, 30], [1, 0, 13], [0, 1, 0]], [1.0, 1.2319, 34.5288]]
[[[0, 0, 0], [1, 0, 0], [0, 1, 0], [0, 0, 31], [1, 0, 12], [0, 1, 0]], [1.0, 1.2066, 35.037]]
[[[0, 0, 0], [1, 0, 0], [0, 1, 0], [0, 0, 32], [1, 0, 11], [0, 1, 0]], [1.0, 1.1828, 35.5801]]
[[[0, 0, 0], [1, 0, 0], [0, 1, 0], [0, 0, 33], [1, 0, 10], [0, 1, 0]], [1.0, 1.1605, 36.1544]]
[[[0, 0, 0], [1, 0, 0], [0, 1, 0], [0, 0, 34], [1, 0, 9], [0, 1, 0]], [1.0, 1.1395, 36.7561]]
[[[0, 0, 0], [1, 0, 0], [0, 1, 0], [0, 0, 35], [1, 0, 8], [0, 1, 0]], [1.0, 1.1198, 37.3824]]
[[[0, 0, 0], [1, 0, 0], [0, 1, 0], [0, 0, 36], [1, 0, 7], [0, 1, 0]], [1.0, 1.1014, 38.0303]]
[[[0, 0, 0], [1, 0, 0], [0, 1, 0], [0, 0, 37], [1, 0, 6], [0, 1, 0]], [1.0, 1.084, 38.6974]]
[[[0, 0, 0], [1, 0, 0], [0, 1, 0], [0, 0, 38], [1, 0, 5], [0, 1, 0]], [1.0, 1.0678, 39.3816]]
[[[0, 0, 0], [1, 0, 0], [0, 1, 0], [0, 0, 39], [1, 0, 4], [0, 1, 0]], [1.0, 1.0525, 40.0809]]
[[[0, 0, 0], [1, 0, 0], [0, 1, 0], [0, 0, 40], [1, 0, 3], [0, 1, 0]], [1.0, 1.0382, 40.7938]]
[[[0, 0, 0], [1, 0, 0], [0, 1, 0], [0, 0, 41], [1, 0, 2], [0, 1, 0]], [1.0, 1.0247, 41.5187]]
[[[0, 0, 0], [1, 0, 0], [0, 1, 0], [0, 0, 42], [1, 0, 1], [0, 1, 0]], [1.0, 1.012, 42.2545]]
[[[0, 0, 0], [1, 0, 0], [0, 1, 0], [0, 0, 22], [1, 0, 22], [0, 1, 0]], [1.0, 1.5, 32.9997]]
[[[0, 0, 0], [1, 0, 0], [0, 1, 0], [0, 0, 23], [1, 0, 21], [0, 1, 0]], [1.0, 1.466, 33.034]]
[[[0, 0, 0], [1, 0, 0], [0, 1, 0], [0, 0, 24], [1, 0, 20], [0, 1, 0]], [1.0, 1.4322, 33.1355]]
[[[0, 0, 0], [1, 0, 0], [0, 1, 0], [0, 0, 25], [1, 0, 19], [0, 1, 0]], [1.0, 1.3991, 33.3027]]
[[[0, 0, 0], [1, 0, 0], [0, 1, 0], [0, 0, 26], [1, 0, 18], [0, 1, 0]], [1.0, 1.3669, 33.5326]]
[[[0, 0, 0], [1, 0, 0], [0, 1, 0], [0, 0, 27], [1, 0, 17], [0, 1, 0]], [1.0, 1.3357, 33.8216]]
[[[0, 0, 0], [1, 0, 0], [0, 1, 0], [0, 0, 28], [1, 0, 16], [0, 1, 0]], [1.0, 1.3057, 34.1655]]
[[[0, 0, 0], [1, 0, 0], [0, 1, 0], [0, 0, 29], [1, 0, 15], [0, 1, 0]], [1.0, 1.2772, 34.5599]]
[[[0, 0, 0], [1, 0, 0], [0, 1, 0], [0, 0, 30], [1, 0, 14], [0, 1, 0]], [1.0, 1.25, 35.0]]
[[[0, 0, 0], [1, 0, 0], [0, 1, 0], [0, 0, 31], [1, 0, 13], [0, 1, 0]], [1.0, 1.2243, 35.4815]]
[[[0, 0, 0], [1, 0, 0], [0, 1, 0], [0, 0, 32], [1, 0, 12], [0, 1, 0]], [1.0, 1.2, 36.0011]]
[[[0, 0, 0], [1, 0, 0], [0, 1, 0], [0, 0, 33], [1, 0, 11], [0, 1, 0]], [1.0, 1.1771, 36.5516]]
[[[0, 0, 0], [1, 0, 0], [0, 1, 0], [0, 0, 34], [1, 0, 10], [0, 1, 0]], [1.0, 1.1556, 37.1327]]
[[[0, 0, 0], [1, 0, 0], [0, 1, 0], [0, 0, 35], [1, 0, 9], [0, 1, 0]], [1.0, 1.1354, 37.7401]]
[[[0, 0, 0], [1, 0, 0], [0, 1, 0], [0, 0, 36], [1, 0, 8], [0, 1, 0]], [1.0, 1.1164, 38.3707]]
[[[0, 0, 0], [1, 0, 0], [0, 1, 0], [0, 0, 37], [1, 0, 7], [0, 1, 0]], [1.0, 1.0985, 39.022]]
[[[0, 0, 0], [1, 0, 0], [0, 1, 0], [0, 0, 38], [1, 0, 6], [0, 1, 0]], [1.0, 1.0818, 39.6918]]
[[[0, 0, 0], [1, 0, 0], [0, 1, 0], [0, 0, 39], [1, 0, 5], [0, 1, 0]], [1.0, 1.066, 40.378]]
[[[0, 0, 0], [1, 0, 0], [0, 1, 0], [0, 0, 40], [1, 0, 4], [0, 1, 0]], [1.0, 1.0512, 41.0788]]
[[[0, 0, 0], [1, 0, 0], [0, 1, 0], [0, 0, 41], [1, 0, 3], [0, 1, 0]], [1.0, 1.0372, 41.7927]]
[[[0, 0, 0], [1, 0, 0], [0, 1, 0], [0, 0, 42], [1, 0, 2], [0, 1, 0]], [1.0, 1.0241, 42.5183]]
[[[0, 0, 0], [1, 0, 0], [0, 1, 0], [0, 0, 43], [1, 0, 1], [0, 1, 0]], [1.0, 1.0117, 43.2544]]
[[[0, 0, 0], [1, 0, 0], [0, 1, 0], [0, 0, 23], [1, 0, 22], [0, 1, 0]], [1.0, 1.4833, 33.7583]]
[[[0, 0, 0], [1, 0, 0], [0, 1, 0], [0, 0, 24], [1, 0, 21], [0, 1, 0]], [1.0, 1.4502, 33.8248]]
[[[0, 0, 0], [1, 0, 0], [0, 1, 0], [0, 0, 25], [1, 0, 20], [0, 1, 0]], [1.0, 1.4174, 33.9564]]
[[[0, 0, 0], [1, 0, 0], [0, 1, 0], [0, 0, 26], [1, 0, 19], [0, 1, 0]], [1.0, 1.3854, 34.1512]]
[[[0, 0, 0], [1, 0, 0], [0, 1, 0], [0, 0, 27], [1, 0, 18], [0, 1, 0]], [1.0, 1.3542, 34.4059]]
[[[0, 0, 0], [1, 0, 0], [0, 1, 0], [0, 0, 28], [1, 0, 17], [0, 1, 0]], [1.0, 1.3242, 34.7168]]
[[[0, 0, 0], [1, 0, 0], [0, 1, 0], [0, 0, 29], [1, 0, 16], [0, 1, 0]], [1.0, 1.2954, 35.0797]]
[[[0, 0, 0], [1, 0, 0], [0, 1, 0], [0, 0, 30], [1, 0, 15], [0, 1, 0]], [1.0, 1.2679, 35.4904]]
[[[0, 0, 0], [1, 0, 0], [0, 1, 0], [0, 0, 31], [1, 0, 14], [0, 1, 0]], [1.0, 1.2418, 35.9443]]
[[[0, 0, 0], [1, 0, 0], [0, 1, 0], [0, 0, 32], [1, 0, 13], [0, 1, 0]], [1.0, 1.2171, 36.4374]]
[[[0, 0, 0], [1, 0, 0], [0, 1, 0], [0, 0, 33], [1, 0, 12], [0, 1, 0]], [1.0, 1.1938, 36.9655]]
[[[0, 0, 0], [1, 0, 0], [0, 1, 0], [0, 0, 34], [1, 0, 11], [0, 1, 0]], [1.0, 1.1717, 37.525]]
[[[0, 0, 0], [1, 0, 0], [0, 1, 0], [0, 0, 35], [1, 0, 10], [0, 1, 0]], [1.0, 1.151, 38.1125]]
[[[0, 0, 0], [1, 0, 0], [0, 1, 0], [0, 0, 36], [1, 0, 9], [0, 1, 0]], [1.0, 1.1315, 38.725]]
[[[0, 0, 0], [1, 0, 0], [0, 1, 0], [0, 0, 37], [1, 0, 8], [0, 1, 0]], [1.0, 1.1131, 39.3597]]
[[[0, 0, 0], [1, 0, 0], [0, 1, 0], [0, 0, 38], [1, 0, 7], [0, 1, 0]], [1.0, 1.0959, 40.0143]]
[[[0, 0, 0], [1, 0, 0], [0, 1, 0], [0, 0, 39], [1, 0, 6], [0, 1, 0]], [1.0, 1.0796, 40.6865]]
[[[0, 0, 0], [1, 0, 0], [0, 1, 0], [0, 0, 40], [1, 0, 5], [0, 1, 0]], [1.0516, 1.1156, 34.9029]]
[[[0, 0, 0], [1, 0, 0], [0, 1, 0], [0, 0, 41], [1, 0, 4], [0, 1, 0]], [1.0, 1.0499, 42.0768]]
[[[0, 0, 0], [1, 0, 0], [0, 1, 0], [0, 0, 42], [1, 0, 3], [0, 1, 0]], [1.0, 1.0363, 42.7916]]
[[[0, 0, 0], [1, 0, 0], [0, 1, 0], [0, 0, 43], [1, 0, 2], [0, 1, 0]], [1.0, 1.0235, 43.5178]]
[[[0, 0, 0], [1, 0, 0], [0, 1, 0], [0, 0, 44], [1, 0, 1], [0, 1, 0]], [1.0, 1.0114, 44.2543]]
[[[0, 0, 0], [1, 0, 0], [0, 1, 0], [0, 0, 23], [1, 0, 23], [0, 1, 0]], [1.0, 1.5, 34.4995]]
[[[0, 0, 0], [1, 0, 0], [0, 1, 0], [0, 0, 24], [1, 0, 22], [0, 1, 0]], [1.0, 1.4674, 34.5326]]
[[[0, 0, 0], [1, 0, 0], [0, 1, 0], [0, 0, 25], [1, 0, 21], [0, 1, 0]], [1.0, 1.4351, 34.6297]]
[[[0, 0, 0], [1, 0, 0], [0, 1, 0], [0, 0, 26], [1, 0, 20], [0, 1, 0]], [1.0, 1.4034, 34.7898]]
[[[0, 0, 0], [1, 0, 0], [0, 1, 0], [0, 0, 27], [1, 0, 19], [0, 1, 0]], [1.0, 1.3724, 35.0104]]
[[[0, 0, 0], [1, 0, 0], [0, 1, 0], [0, 0, 28], [1, 0, 18], [0, 1, 0]], [1.0, 1.3424, 35.2882]]
[[[0, 0, 0], [1, 0, 0], [0, 1, 0], [0, 0, 29], [1, 0, 17], [0, 1, 0]], [1.0, 1.3134, 35.6194]]
[[[0, 0, 0], [1, 0, 0], [0, 1, 0], [0, 0, 30], [1, 0, 16], [0, 1, 0]], [1.0, 1.2857, 35.9998]]
[[[0, 0, 0], [1, 0, 0], [0, 1, 0], [0, 0, 31], [1, 0, 15], [0, 1, 0]], [1.0, 1.2593, 36.4257]]
[[[0, 0, 0], [1, 0, 0], [0, 1, 0], [0, 0, 32], [1, 0, 14], [0, 1, 0]], [1.0, 1.2342, 36.8924]]
[[[0, 0, 0], [1, 0, 0], [0, 1, 0], [0, 0, 33], [1, 0, 13], [0, 1, 0]], [1.0, 1.2104, 37.3962]]
[[[0, 0, 0], [1, 0, 0], [0, 1, 0], [0, 0, 34], [1, 0, 12], [0, 1, 0]], [1.0, 1.1879, 37.9332]]
[[[0, 0, 0], [1, 0, 0], [0, 1, 0], [0, 0, 35], [1, 0, 11], [0, 1, 0]], [1.0, 1.1667, 38.5005]]
[[[0, 0, 0], [1, 0, 0], [0, 1, 0], [0, 0, 36], [1, 0, 10], [0, 1, 0]], [1.0, 1.1467, 39.0935]]
[[[0, 0, 0], [1, 0, 0], [0, 1, 0], [0, 0, 37], [1, 0, 9], [0, 1, 0]], [1.0, 1.1278, 39.7108]]
[[[0, 0, 0], [1, 0, 0], [0, 1, 0], [0, 0, 38], [1, 0, 8], [0, 1, 0]], [1.0, 1.11, 40.3494]]
[[[0, 0, 0], [1, 0, 0], [0, 1, 0], [0, 0, 39], [1, 0, 7], [0, 1, 0]], [1.0, 1.0933, 41.0069]]
[[[0, 0, 0], [1, 0, 0], [0, 1, 0], [0, 0, 40], [1, 0, 6], [0, 1, 0]], [1.0, 1.0776, 41.6815]]
[[[0, 0, 0], [1, 0, 0], [0, 1, 0], [0, 0, 41], [1, 0, 5], [0, 1, 0]], [1.0, 1.0627, 42.3714]]
[[[0, 0, 0], [1, 0, 0], [0, 1, 0], [0, 0, 42], [1, 0, 4], [0, 1, 0]], [1.0, 1.0487, 43.0749]]
[[[0, 0, 0], [1, 0, 0], [0, 1, 0], [0, 0, 43], [1, 0, 3], [0, 1, 0]], [1.0, 1.0355, 43.7906]]
[[[0, 0, 0], [1, 0, 0], [0, 1, 0], [0, 0, 44], [1, 0, 2], [0, 1, 0]], [1.0, 1.023, 44.5174]]
[[[0, 0, 0], [1, 0, 0], [0, 1, 0], [0, 0, 45], [1, 0, 1], [0, 1, 0]], [1.0, 1.0112, 45.2542]]
[[[0, 0, 0], [1, 0, 0], [0, 1, 0], [0, 0, 24], [1, 0, 23], [0, 1, 0]], [1.0, 1.484, 35.258]]
[[[0, 0, 0], [1, 0, 0], [0, 1, 0], [0, 0, 25], [1, 0, 22], [0, 1, 0]], [1.0, 1.4523, 35.3216]]
[[[0, 0, 0], [1, 0, 0], [0, 1, 0], [0, 0, 26], [1, 0, 21], [0, 1, 0]], [1.0, 1.4209, 35.4478]]
[[[0, 0, 0], [1, 0, 0], [0, 1, 0], [0, 0, 27], [1, 0, 20], [0, 1, 0]], [1.0, 1.3901, 35.6347]]
[[[0, 0, 0], [1, 0, 0], [0, 1, 0], [0, 0, 28], [1, 0, 19], [0, 1, 0]], [1.0, 1.3601, 35.8794]]
[[[0, 0, 0], [1, 0, 0], [0, 1, 0], [0, 0, 29], [1, 0, 18], [0, 1, 0]], [1.0, 1.3311, 36.1787]]
[[[0, 0, 0], [1, 0, 0], [0, 1, 0], [0, 0, 30], [1, 0, 17], [0, 1, 0]], [1.0, 1.3033, 36.5288]]
[[[0, 0, 0], [1, 0, 0], [0, 1, 0], [0, 0, 31], [1, 0, 16], [0, 1, 0]], [1.0, 1.2766, 36.9257]]
[[[0, 0, 0], [1, 0, 0], [0, 1, 0], [0, 0, 32], [1, 0, 15], [0, 1, 0]], [1.0, 1.2511, 37.3654]]
[[[0, 0, 0], [1, 0, 0], [0, 1, 0], [0, 0, 33], [1, 0, 14], [0, 1, 0]], [1.0, 1.2269, 37.844]]
[[[0, 0, 0], [1, 0, 0], [0, 1, 0], [0, 0, 34], [1, 0, 13], [0, 1, 0]], [1.0, 1.204, 38.3577]]
[[[0, 0, 0], [1, 0, 0], [0, 1, 0], [0, 0, 35], [1, 0, 12], [0, 1, 0]], [1.0, 1.1824, 38.9029]]
[[[0, 0, 0], [1, 0, 0], [0, 1, 0], [0, 0, 36], [1, 0, 11], [0, 1, 0]], [1.0, 1.1619, 39.4765]]
[[[0, 0, 0], [1, 0, 0], [0, 1, 0], [0, 0, 37], [1, 0, 10], [0, 1, 0]], [1.0, 1.1425, 40.0756]]
[[[0, 0, 0], [1, 0, 0], [0, 1, 0], [0, 0, 38], [1, 0, 9], [0, 1, 0]], [1.0, 1.1243, 40.6974]]
[[[0, 0, 0], [1, 0, 0], [0, 1, 0], [0, 0, 39], [1, 0, 8], [0, 1, 0]], [1.0, 1.1071, 41.3396]]
[[[0, 0, 0], [1, 0, 0], [0, 1, 0], [0, 0, 40], [1, 0, 7], [0, 1, 0]], [1.0, 1.0909, 41.9987]]
[[[0, 0, 0], [1, 0, 0], [0, 1, 0], [0, 0, 41], [1, 0, 6], [0, 1, 0]], [1.0, 1.0756, 42.6768]]
[[[0, 0, 0], [1, 0, 0], [0, 1, 0], [0, 0, 42], [1, 0, 5], [0, 1, 0]], [1.0, 1.0612, 43.3683]]
[[[0, 0, 0], [1, 0, 0], [0, 1, 0], [0, 0, 43], [1, 0, 4], [0, 1, 0]], [1.0, 1.0475, 44.073]]
[[[0, 0, 0], [1, 0, 0], [0, 1, 0], [0, 0, 44], [1, 0, 3], [0, 1, 0]], [1.0, 1.0347, 44.7897]]
[[[0, 0, 0], [1, 0, 0], [0, 1, 0], [0, 0, 45], [1, 0, 2], [0, 1, 0]], [1.0, 1.0225, 45.517]]
[[[0, 0, 0], [1, 0, 0], [0, 1, 0], [0, 0, 46], [1, 0, 1], [0, 1, 0]], [1.0, 1.0109, 46.2541]]
[[[0, 0, 0], [1, 0, 0], [0, 1, 0], [0, 0, 24], [1, 0, 24], [0, 1, 0]], [1.0, 1.5, 35.9996]]
[[[0, 0, 0], [1, 0, 0], [0, 1, 0], [0, 0, 25], [1, 0, 23], [0, 1, 0]], [1.0, 1.4688, 36.0312]]
[[[0, 0, 0], [1, 0, 0], [0, 1, 0], [0, 0, 26], [1, 0, 22], [0, 1, 0]], [1.0, 1.4378, 36.1244]]
[[[0, 0, 0], [1, 0, 0], [0, 1, 0], [0, 0, 27], [1, 0, 21], [0, 1, 0]], [1.0, 1.4073, 36.278]]
[[[0, 0, 0], [1, 0, 0], [0, 1, 0], [0, 0, 28], [1, 0, 20], [0, 1, 0]], [1.0, 1.3775, 36.49]]
[[[0, 0, 0], [1, 0, 0], [0, 1, 0], [0, 0, 29], [1, 0, 19], [0, 1, 0]], [1.0, 1.3485, 36.7574]]
[[[0, 0, 0], [1, 0, 0], [0, 1, 0], [0, 0, 30], [1, 0, 18], [0, 1, 0]], [1.0, 1.3206, 37.0767]]
[[[0, 0, 0], [1, 0, 0], [0, 1, 0], [0, 0, 31], [1, 0, 17], [0, 1, 0]], [1.0, 1.2937, 37.4443]]
[[[0, 0, 0], [1, 0, 0], [0, 1, 0], [0, 0, 32], [1, 0, 16], [0, 1, 0]], [1.0, 1.2679, 37.8564]]
[[[0, 0, 0], [1, 0, 0], [0, 1, 0], [0, 0, 33], [1, 0, 15], [0, 1, 0]], [1.0, 1.2434, 38.3091]]
[[[0, 0, 0], [1, 0, 0], [0, 1, 0], [0, 0, 34], [1, 0, 14], [0, 1, 0]], [1.0, 1.2201, 38.7986]]
[[[0, 0, 0], [1, 0, 0], [0, 1, 0], [0, 0, 35], [1, 0, 13], [0, 1, 0]], [1.0, 1.198, 39.3216]]
[[[0, 0, 0], [1, 0, 0], [0, 1, 0], [0, 0, 36], [1, 0, 12], [0, 1, 0]], [1.0, 1.1771, 39.8745]]
[[[0, 0, 0], [1, 0, 0], [0, 1, 0], [0, 0, 37], [1, 0, 11], [0, 1, 0]], [1.0, 1.1573, 40.4545]]
[[[0, 0, 0], [1, 0, 0], [0, 1, 0], [0, 0, 38], [1, 0, 10], [0, 1, 0]], [1.0, 1.1387, 41.0587]]
[[[0, 0, 0], [1, 0, 0], [0, 1, 0], [0, 0, 39], [1, 0, 9], [0, 1, 0]], [1.0, 1.121, 41.6847]]
[[[0, 0, 0], [1, 0, 0], [0, 1, 0], [0, 0, 40], [1, 0, 8], [0, 1, 0]], [1.0, 1.1044, 42.3303]]
[[[0, 0, 0], [1, 0, 0], [0, 1, 0], [0, 0, 41], [1, 0, 7], [0, 1, 0]], [1.0, 1.0886, 42.9934]]
[[[0, 0, 0], [1, 0, 0], [0, 1, 0], [0, 0, 42], [1, 0, 6], [0, 1, 0]], [1.0, 1.0738, 43.6723]]
[[[0, 0, 0], [1, 0, 0], [0, 1, 0], [0, 0, 43], [1, 0, 5], [0, 1, 0]], [1.0, 1.0597, 44.3654]]
[[[0, 0, 0], [1, 0, 0], [0, 1, 0], [0, 0, 44], [1, 0, 4], [0, 1, 0]], [1.0, 1.0464, 45.0713]]
[[[0, 0, 0], [1, 0, 0], [0, 1, 0], [0, 0, 45], [1, 0, 3], [0, 1, 0]], [1.0, 1.0339, 45.7888]]
[[[0, 0, 0], [1, 0, 0], [0, 1, 0], [0, 0, 46], [1, 0, 2], [0, 1, 0]], [1.0, 1.022, 46.5167]]
[[[0, 0, 0], [1, 0, 0], [0, 1, 0], [0, 0, 47], [1, 0, 1], [0, 1, 0]], [1.0, 1.0107, 47.254]]
[[[0, 0, 0], [1, 0, 0], [0, 1, 0], [0, 0, 25], [1, 0, 24], [0, 1, 0]], [1.0, 1.4847, 36.7577]]
[[[0, 0, 0], [1, 0, 0], [0, 1, 0], [0, 0, 26], [1, 0, 23], [0, 1, 0]], [1.0, 1.4542, 36.8187]]
[[[0, 0, 0], [1, 0, 0], [0, 1, 0], [0, 0, 27], [1, 0, 22], [0, 1, 0]], [1.0, 1.4241, 36.9399]]
[[[0, 0, 0], [1, 0, 0], [0, 1, 0], [0, 0, 28], [1, 0, 21], [0, 1, 0]], [1.0, 1.3944, 37.1194]]
[[[0, 0, 0], [1, 0, 0], [0, 1, 0], [0, 0, 29], [1, 0, 20], [0, 1, 0]], [1.0, 1.3656, 37.355]]
[[[0, 0, 0], [1, 0, 0], [0, 1, 0], [0, 0, 30], [1, 0, 19], [0, 1, 0]], [1.0, 1.3376, 37.6434]]
[[[0, 0, 0], [1, 0, 0], [0, 1, 0], [0, 0, 31], [1, 0, 18], [0, 1, 0]], [1.0, 1.3105, 37.9815]]
[[[0, 0, 0], [1, 0, 0], [0, 1, 0], [0, 0, 32], [1, 0, 17], [0, 1, 0]], [1.0, 1.2846, 38.3654]]
[[[0, 0, 0], [1, 0, 0], [0, 1, 0], [0, 0, 33], [1, 0, 16], [0, 1, 0]], [1.0, 1.2598, 38.7916]]
[[[0, 0, 0], [1, 0, 0], [0, 1, 0], [0, 0, 34], [1, 0, 15], [0, 1, 0]], [1.0, 1.2362, 39.2564]]
[[[0, 0, 0], [1, 0, 0], [0, 1, 0], [0, 0, 35], [1, 0, 14], [0, 1, 0]], [1.0, 1.2137, 39.7561]]
[[[0, 0, 0], [1, 0, 0], [0, 1, 0], [0, 0, 36], [1, 0, 13], [0, 1, 0]], [1.0, 1.1924, 40.2877]]
[[[0, 0, 0], [1, 0, 0], [0, 1, 0], [0, 0, 37], [1, 0, 12], [0, 1, 0]], [1.0, 1.1722, 40.8478]]
[[[0, 0, 0], [1, 0, 0], [0, 1, 0], [0, 0, 38], [1, 0, 11], [0, 1, 0]], [1.0, 1.1531, 41.4337]]
[[[0, 0, 0], [1, 0, 0], [0, 1, 0], [0, 0, 39], [1, 0, 10], [0, 1, 0]], [1.0, 1.135, 42.0428]]
[[[0, 0, 0], [1, 0, 0], [0, 1, 0], [0, 0, 40], [1, 0, 9], [0, 1, 0]], [1.0, 1.1179, 42.6728]]
[[[0, 0, 0], [1, 0, 0], [0, 1, 0], [0, 0, 41], [1, 0, 8], [0, 1, 0]], [1.0, 1.1017, 43.3215]]
[[[0, 0, 0], [1, 0, 0], [0, 1, 0], [0, 0, 42], [1, 0, 7], [0, 1, 0]], [1.0, 1.0864, 43.9872]]
[[[0, 0, 0], [1, 0, 0], [0, 1, 0], [0, 0, 43], [1, 0, 6], [0, 1, 0]], [1.0, 1.072, 44.668]]
[[[0, 0, 0], [1, 0, 0], [0, 1, 0], [0, 0, 44], [1, 0, 5], [0, 1, 0]], [1.0, 1.0583, 45.3626]]
[[[0, 0, 0], [1, 0, 0], [0, 1, 0], [0, 0, 45], [1, 0, 4], [0, 1, 0]], [1.0, 1.0454, 46.0697]]
[[[0, 0, 0], [1, 0, 0], [0, 1, 0], [0, 0, 46], [1, 0, 3], [0, 1, 0]], [1.0, 1.0331, 46.7879]]
[[[0, 0, 0], [1, 0, 0], [0, 1, 0], [0, 0, 47], [1, 0, 2], [0, 1, 0]], [1.8817, 0.0619, 20.5413]]
[[[0, 0, 0], [1, 0, 0], [0, 1, 0], [0, 0, 48], [1, 0, 1], [0, 1, 0]], [1.0, 1.0105, 48.2539]]
[[[0, 0, 0], [1, 0, 0], [0, 1, 0], [0, 0, 25], [1, 0, 25], [0, 1, 0]], [1.0, 1.5, 37.5001]]
[[[0, 0, 0], [1, 0, 0], [0, 1, 0], [0, 0, 26], [1, 0, 24], [0, 1, 0]], [1.0, 1.47, 37.53]]
[[[0, 0, 0], [1, 0, 0], [0, 1, 0], [0, 0, 27], [1, 0, 23], [0, 1, 0]], [1.0, 1.4403, 37.6194]]
[[[0, 0, 0], [1, 0, 0], [0, 1, 0], [0, 0, 28], [1, 0, 22], [0, 1, 0]], [1.0, 1.411, 37.7671]]
[[[0, 0, 0], [1, 0, 0], [0, 1, 0], [0, 0, 29], [1, 0, 21], [0, 1, 0]], [1.0, 1.3822, 37.9711]]
[[[0, 0, 0], [1, 0, 0], [0, 1, 0], [0, 0, 30], [1, 0, 20], [0, 1, 0]], [1.0, 1.3542, 38.2288]]
[[[0, 0, 0], [1, 0, 0], [0, 1, 0], [0, 0, 31], [1, 0, 19], [0, 1, 0]], [1.0, 1.3272, 38.537]]
[[[0, 0, 0], [1, 0, 0], [0, 1, 0], [0, 0, 32], [1, 0, 18], [0, 1, 0]], [1.0, 1.3011, 38.8924]]
[[[0, 0, 0], [1, 0, 0], [0, 1, 0], [0, 0, 33], [1, 0, 17], [0, 1, 0]], [1.0, 1.276, 39.2916]]
[[[0, 0, 0], [1, 0, 0], [0, 1, 0], [0, 0, 34], [1, 0, 16], [0, 1, 0]], [1.0, 1.2521, 39.7309]]
[[[0, 0, 0], [1, 0, 0], [0, 1, 0], [0, 0, 35], [1, 0, 15], [0, 1, 0]], [1.0, 1.2293, 40.2069]]
[[[0, 0, 0], [1, 0, 0], [0, 1, 0], [0, 0, 36], [1, 0, 14], [0, 1, 0]], [1.0, 1.2076, 40.7162]]
[[[0, 0, 0], [1, 0, 0], [0, 1, 0], [0, 0, 37], [1, 0, 13], [0, 1, 0]], [1.0, 1.187, 41.2558]]
[[[0, 0, 0], [1, 0, 0], [0, 1, 0], [0, 0, 38], [1, 0, 12], [0, 1, 0]], [1.0, 1.1675, 41.8226]]
[[[0, 0, 0], [1, 0, 0], [0, 1, 0], [0, 0, 39], [1, 0, 11], [0, 1, 0]], [1.0, 1.149, 42.4141]]
[[[0, 0, 0], [1, 0, 0], [0, 1, 0], [0, 0, 40], [1, 0, 10], [0, 1, 0]], [1.0, 1.1315, 43.0278]]
[[[0, 0, 0], [1, 0, 0], [0, 1, 0], [0, 0, 41], [1, 0, 9], [0, 1, 0]], [1.0, 1.1149, 43.6615]]
[[[0, 0, 0], [1, 0, 0], [0, 1, 0], [0, 0, 42], [1, 0, 8], [0, 1, 0]], [1.0, 1.0992, 44.3132]]
[[[0, 0, 0], [1, 0, 0], [0, 1, 0], [0, 0, 43], [1, 0, 7], [0, 1, 0]], [1.0, 1.0844, 44.9812]]
[[[0, 0, 0], [1, 0, 0], [0, 1, 0], [0, 0, 44], [1, 0, 6], [0, 1, 0]], [1.0, 1.0703, 45.664]]
[[[0, 0, 0], [1, 0, 0], [0, 1, 0], [0, 0, 45], [1, 0, 5], [0, 1, 0]], [1.0, 1.057, 46.36]]
[[[0, 0, 0], [1, 0, 0], [0, 1, 0], [0, 0, 46], [1, 0, 4], [0, 1, 0]], [1.0, 1.0444, 47.0681]]
[[[0, 0, 0], [1, 0, 0], [0, 1, 0], [0, 0, 47], [1, 0, 3], [0, 1, 0]], [1.0, 1.0324, 47.7871]]
[[[0, 0, 0], [1, 0, 0], [0, 1, 0], [0, 0, 48], [1, 0, 2], [0, 1, 0]], [1.0, 1.021, 48.516]]
[[[0, 0, 0], [1, 0, 0], [0, 1, 0], [0, 0, 49], [1, 0, 1], [0, 1, 0]], [1.0, 1.0103, 49.2539]]
[[[0, 0, 0], [1, 0, 0], [0, 1, 0], [0, 0, 26], [1, 0, 25], [0, 1, 0]], [1.0, 1.4853, 38.2574]]
[[[0, 0, 0], [1, 0, 0], [0, 1, 0], [0, 0, 27], [1, 0, 24], [0, 1, 0]], [1.0, 1.456, 38.316]]
[[[0, 0, 0], [1, 0, 0], [0, 1, 0], [0, 0, 28], [1, 0, 23], [0, 1, 0]], [1.0, 1.427, 38.4325]]
[[[0, 0, 0], [1, 0, 0], [0, 1, 0], [0, 0, 29], [1, 0, 22], [0, 1, 0]], [1.0, 1.3985, 38.6053]]
[[[0, 0, 0], [1, 0, 0], [0, 1, 0], [0, 0, 30], [1, 0, 21], [0, 1, 0]], [1.0, 1.3706, 38.8323]]
[[[0, 0, 0], [1, 0, 0], [0, 1, 0], [0, 0, 31], [1, 0, 20], [0, 1, 0]], [1.0, 1.3435, 39.1107]]
[[[0, 0, 0], [1, 0, 0], [0, 1, 0], [0, 0, 32], [1, 0, 19], [0, 1, 0]], [1.0, 1.3173, 39.4374]]
[[[0, 0, 0], [1, 0, 0], [0, 1, 0], [0, 0, 33], [1, 0, 18], [0, 1, 0]], [1.0, 1.2921, 39.8091]]
[[[0, 0, 0], [1, 0, 0], [0, 1, 0], [0, 0, 34], [1, 0, 17], [0, 1, 0]], [1.0, 1.2679, 40.2224]]
[[[0, 0, 0], [1, 0, 0], [0, 1, 0], [0, 0, 35], [1, 0, 16], [0, 1, 0]], [1.0, 1.2448, 40.674]]
[[[0, 0, 0], [1, 0, 0], [0, 1, 0], [0, 0, 36], [1, 0, 15], [0, 1, 0]], [1.0, 1.2228, 41.1605]]
[[[0, 0, 0], [1, 0, 0], [0, 1, 0], [0, 0, 37], [1, 0, 14], [0, 1, 0]], [1.0, 1.2019, 41.6787]]
[[[0, 0, 0], [1, 0, 0], [0, 1, 0], [0, 0, 38], [1, 0, 13], [0, 1, 0]], [1.0, 1.1819, 42.2257]]
[[[0, 0, 0], [1, 0, 0], [0, 1, 0], [0, 0, 39], [1, 0, 12], [0, 1, 0]], [1.0, 1.163, 42.7988]]
[[[0, 0, 0], [1, 0, 0], [0, 1, 0], [0, 0, 40], [1, 0, 11], [0, 1, 0]], [1.0, 1.1451, 43.3955]]
[[[0, 0, 0], [1, 0, 0], [0, 1, 0], [0, 0, 41], [1, 0, 10], [0, 1, 0]], [1.0, 1.1282, 44.0135]]
[[[0, 0, 0], [1, 0, 0], [0, 1, 0], [0, 0, 42], [1, 0, 9], [0, 1, 0]], [1.0, 1.1121, 44.6507]]
[[[0, 0, 0], [1, 0, 0], [0, 1, 0], [0, 0, 43], [1, 0, 8], [0, 1, 0]], [1.0, 1.0968, 45.3053]]
[[[0, 0, 0], [1, 0, 0], [0, 1, 0], [0, 0, 44], [1, 0, 7], [0, 1, 0]], [1.0, 1.0824, 45.9756]]
[[[0, 0, 0], [1, 0, 0], [0, 1, 0], [0, 0, 45], [1, 0, 6], [0, 1, 0]], [1.0, 1.0687, 46.6601]]
[[[0, 0, 0], [1, 0, 0], [0, 1, 0], [0, 0, 46], [1, 0, 5], [0, 1, 0]], [1.0, 1.0557, 47.3575]]
[[[0, 0, 0], [1, 0, 0], [0, 1, 0], [0, 0, 47], [1, 0, 4], [0, 1, 0]], [1.0, 1.0434, 48.0666]]
[[[0, 0, 0], [1, 0, 0], [0, 1, 0], [0, 0, 48], [1, 0, 3], [0, 1, 0]], [1.0, 1.0317, 48.7863]]
[[[0, 0, 0], [1, 0, 0], [0, 1, 0], [0, 0, 49], [1, 0, 2], [0, 1, 0]], [1.0, 1.0206, 49.5156]]
[[[0, 0, 0], [1, 0, 0], [0, 1, 0], [0, 0, 50], [1, 0, 1], [0, 1, 0]], [1.0, 1.01, 50.2538]]
[[[0, 0, 0], [1, 0, 0], [0, 1, 0], [0, 0, 26], [1, 0, 26], [0, 1, 0]], [1.0, 1.5, 38.9996]]
[[[0, 0, 0], [1, 0, 0], [0, 1, 0], [0, 0, 27], [1, 0, 25], [0, 1, 0]], [1.0, 1.4712, 39.0288]]
[[[0, 0, 0], [1, 0, 0], [0, 1, 0], [0, 0, 28], [1, 0, 24], [0, 1, 0]], [1.0, 1.4426, 39.1149]]
[[[0, 0, 0], [1, 0, 0], [0, 1, 0], [0, 0, 29], [1, 0, 23], [0, 1, 0]], [1.0, 1.4143, 39.2571]]
[[[0, 0, 0], [1, 0, 0], [0, 1, 0], [0, 0, 30], [1, 0, 22], [0, 1, 0]], [1.0, 1.3866, 39.4536]]
[[[0, 0, 0], [1, 0, 0], [0, 1, 0], [0, 0, 31], [1, 0, 21], [0, 1, 0]], [1.0, 1.3596, 39.7022]]
[[[0, 0, 0], [1, 0, 0], [0, 1, 0], [0, 0, 32], [1, 0, 20], [0, 1, 0]], [1.0, 1.3333, 40.0]]
[[[0, 0, 0], [1, 0, 0], [0, 1, 0], [0, 0, 33], [1, 0, 19], [0, 1, 0]], [1.0, 1.308, 40.344]]
[[[0, 0, 0], [1, 0, 0], [0, 1, 0], [0, 0, 34], [1, 0, 18], [0, 1, 0]], [1.0, 1.2836, 40.7309]]
[[[0, 0, 0], [1, 0, 0], [0, 1, 0], [0, 0, 35], [1, 0, 17], [0, 1, 0]], [1.0, 1.2603, 41.1575]]
[[[0, 0, 0], [1, 0, 0], [0, 1, 0], [0, 0, 36], [1, 0, 16], [0, 1, 0]], [1.0, 1.238, 41.6205]]
[[[0, 0, 0], [1, 0, 0], [0, 1, 0], [0, 0, 37], [1, 0, 15], [0, 1, 0]], [1.0, 1.2167, 42.1168]]
[[[0, 0, 0], [1, 0, 0], [0, 1, 0], [0, 0, 38], [1, 0, 14], [0, 1, 0]], [1.0, 1.1964, 42.6433]]
[[[0, 0, 0], [1, 0, 0], [0, 1, 0], [0, 0, 39], [1, 0, 13], [0, 1, 0]], [1.0, 1.1771, 43.1974]]
[[[0, 0, 0], [1, 0, 0], [0, 1, 0], [0, 0, 40], [1, 0, 12], [0, 1, 0]], [1.0, 1.1588, 43.7764]]
[[[0, 0, 0], [1, 0, 0], [0, 1, 0], [0, 0, 41], [1, 0, 11], [0, 1, 0]], [1.0, 1.1415, 44.378]]
[[[0, 0, 0], [1, 0, 0], [0, 1, 0], [0, 0, 42], [1, 0, 10], [0, 1, 0]], [1.0001, 1.1251, 44.9885]]
[[[0, 0, 0], [1, 0, 0], [0, 1, 0], [0, 0, 43], [1, 0, 9], [0, 1, 0]], [1.0, 1.1094, 45.6405]]
[[[0, 0, 0], [1, 0, 0], [0, 1, 0], [0, 0, 44], [1, 0, 8], [0, 1, 0]], [1.0, 1.0946, 46.2978]]
[[[0, 0, 0], [1, 0, 0], [0, 1, 0], [0, 0, 45], [1, 0, 7], [0, 1, 0]], [1.0, 1.0805, 46.9702]]
[[[0, 0, 0], [1, 0, 0], [0, 1, 0], [0, 0, 46], [1, 0, 6], [0, 1, 0]], [1.0, 1.0672, 47.6564]]
[[[0, 0, 0], [1, 0, 0], [0, 1, 0], [0, 0, 47], [1, 0, 5], [0, 1, 0]], [1.0, 1.0545, 48.3551]]
[[[0, 0, 0], [1, 0, 0], [0, 1, 0], [0, 0, 48], [1, 0, 4], [0, 1, 0]], [1.0, 1.0425, 49.0651]]
[[[0, 0, 0], [1, 0, 0], [0, 1, 0], [0, 0, 49], [1, 0, 3], [0, 1, 0]], [1.0, 1.0311, 49.7855]]
[[[0, 0, 0], [1, 0, 0], [0, 1, 0], [0, 0, 50], [1, 0, 2], [0, 1, 0]], [1.0, 1.0202, 50.5153]]
[[[0, 0, 0], [1, 0, 0], [0, 1, 0], [0, 0, 51], [1, 0, 1], [0, 1, 0]], [1.0, 1.0099, 51.2537]]
[[[0, 0, 0], [1, 0, 0], [0, 1, 0], [0, 0, 27], [1, 0, 26], [0, 1, 0]], [1.0, 1.4859, 39.7571]]
[[[0, 0, 0], [1, 0, 0], [0, 1, 0], [0, 0, 28], [1, 0, 25], [0, 1, 0]], [1.0, 1.4576, 39.8135]]
[[[0, 0, 0], [1, 0, 0], [0, 1, 0], [0, 0, 29], [1, 0, 24], [0, 1, 0]], [1.0, 1.4297, 39.9257]]
[[[0, 0, 0], [1, 0, 0], [0, 1, 0], [0, 0, 30], [1, 0, 23], [0, 1, 0]], [1.0, 1.4022, 40.0923]]
[[[0, 0, 0], [1, 0, 0], [0, 1, 0], [0, 0, 31], [1, 0, 22], [0, 1, 0]], [1.0, 1.3753, 40.3112]]
[[[0, 0, 0], [1, 0, 0], [0, 1, 0], [0, 0, 32], [1, 0, 21], [0, 1, 0]], [1.0, 1.3491, 40.5801]]
[[[0, 0, 0], [1, 0, 0], [0, 1, 0], [0, 0, 33], [1, 0, 20], [0, 1, 0]], [1.0, 1.3237, 40.8962]]
[[[0, 0, 0], [1, 0, 0], [0, 1, 0], [0, 0, 34], [1, 0, 19], [0, 1, 0]], [1.0, 1.2992, 41.2564]]
[[[0, 0, 0], [1, 0, 0], [0, 1, 0], [0, 0, 35], [1, 0, 18], [0, 1, 0]], [1.0, 1.2756, 41.6575]]
[[[0, 0, 0], [1, 0, 0], [0, 1, 0], [0, 0, 36], [1, 0, 17], [0, 1, 0]], [1.0, 1.253, 42.0965]]
[[[0, 0, 0], [1, 0, 0], [0, 1, 0], [0, 0, 37], [1, 0, 16], [0, 1, 0]], [1.0, 1.2314, 42.5702]]
[[[0, 0, 0], [1, 0, 0], [0, 1, 0], [0, 0, 38], [1, 0, 15], [0, 1, 0]], [1.0, 1.2108, 43.0756]]
[[[0, 0, 0], [1, 0, 0], [0, 1, 0], [0, 0, 39], [1, 0, 14], [0, 1, 0]], [1.0, 1.1912, 43.6099]]
[[[0, 0, 0], [1, 0, 0], [0, 1, 0], [0, 0, 40], [1, 0, 13], [0, 1, 0]], [1.0, 1.1725, 44.1706]]
[[[0, 0, 0], [1, 0, 0], [0, 1, 0], [0, 0, 41], [1, 0, 12], [0, 1, 0]], [1.0, 1.1548, 44.7551]]
[[[0, 0, 0], [1, 0, 0], [0, 1, 0], [0, 0, 42], [1, 0, 11], [0, 1, 0]], [1.0, 1.138, 45.3613]]
[[[0, 0, 0], [1, 0, 0], [0, 1, 0], [0, 0, 43], [1, 0, 10], [0, 1, 0]], [1.0, 1.122, 45.9872]]
[[[0, 0, 0], [1, 0, 0], [0, 1, 0], [0, 0, 44], [1, 0, 9], [0, 1, 0]], [1.0, 1.1068, 46.6308]]
[[[0, 0, 0], [1, 0, 0], [0, 1, 0], [0, 0, 45], [1, 0, 8], [0, 1, 0]], [1.0, 1.0924, 47.2906]]
[[[0, 0, 0], [1, 0, 0], [0, 1, 0], [0, 0, 46], [1, 0, 7], [0, 1, 0]], [1.0, 1.0787, 47.9651]]
[[[0, 0, 0], [1, 0, 0], [0, 1, 0], [0, 0, 47], [1, 0, 6], [0, 1, 0]], [1.0, 1.0657, 48.6529]]
[[[0, 0, 0], [1, 0, 0], [0, 1, 0], [0, 0, 48], [1, 0, 5], [0, 1, 0]], [1.0, 1.0534, 49.3528]]
[[[0, 0, 0], [1, 0, 0], [0, 1, 0], [0, 0, 49], [1, 0, 4], [0, 1, 0]], [1.0, 1.0416, 50.0637]]
[[[0, 0, 0], [1, 0, 0], [0, 1, 0], [0, 0, 50], [1, 0, 3], [0, 1, 0]], [1.0, 1.0304, 50.7848]]
[[[0, 0, 0], [1, 0, 0], [0, 1, 0], [0, 0, 51], [1, 0, 2], [0, 1, 0]], [1.0, 1.0198, 51.515]]
[[[0, 0, 0], [1, 0, 0], [0, 1, 0], [0, 0, 52], [1, 0, 1], [0, 1, 0]], [1.0, 1.0097, 52.2536]]
[[[0, 0, 0], [1, 0, 0], [0, 1, 0], [0, 0, 27], [1, 0, 27], [0, 1, 0]], [1.0, 1.5, 40.4995]]
[[[0, 0, 0], [1, 0, 0], [0, 1, 0], [0, 0, 28], [1, 0, 26], [0, 1, 0]], [1.0, 1.4723, 40.5277]]
[[[0, 0, 0], [1, 0, 0], [0, 1, 0], [0, 0, 29], [1, 0, 25], [0, 1, 0]], [1.0, 1.4447, 40.6107]]
[[[0, 0, 0], [1, 0, 0], [0, 1, 0], [0, 0, 30], [1, 0, 24], [0, 1, 0]], [1.0, 1.4174, 40.7477]]
[[[0, 0, 0], [1, 0, 0], [0, 1, 0], [0, 0, 31], [1, 0, 23], [0, 1, 0]], [1.0, 1.3907, 40.9374]]
[[[0, 0, 0], [1, 0, 0], [0, 1, 0], [0, 0, 32], [1, 0, 22], [0, 1, 0]], [1.0, 1.3645, 41.1774]]
[[[0, 0, 0], [1, 0, 0], [0, 1, 0], [0, 0, 33], [1, 0, 21], [0, 1, 0]], [1.0, 1.3391, 41.4655]]
[[[0, 0, 0], [1, 0, 0], [0, 1, 0], [0, 0, 34], [1, 0, 20], [0, 1, 0]], [1.0, 1.3145, 41.7986]]
[[[0, 0, 0], [1, 0, 0], [0, 1, 0], [0, 0, 35], [1, 0, 19], [0, 1, 0]], [1.0, 1.2908, 42.174]]
[[[0, 0, 0], [1, 0, 0], [0, 1, 0], [0, 0, 36], [1, 0, 18], [0, 1, 0]], [1.0, 1.2679, 42.5885]]
[[[0, 0, 0], [1, 0, 0], [0, 1, 0], [0, 0, 37], [1, 0, 17], [0, 1, 0]], [1.0, 1.2461, 43.039]]
[[[0, 0, 0], [1, 0, 0], [0, 1, 0], [0, 0, 38], [1, 0, 16], [0, 1, 0]], [1.0, 1.2252, 43.5227]]
[[[0, 0, 0], [1, 0, 0], [0, 1, 0], [0, 0, 39], [1, 0, 15], [0, 1, 0]], [1.0, 1.2053, 44.0367]]
[[[0, 0, 0], [1, 0, 0], [0, 1, 0], [0, 0, 40], [1, 0, 14], [0, 1, 0]], [1.0, 1.1863, 44.5784]]
[[[0, 0, 0], [1, 0, 0], [0, 1, 0], [0, 0, 41], [1, 0, 13], [0, 1, 0]], [1.0, 1.1682, 45.1452]]
[[[0, 0, 0], [1, 0, 0], [0, 1, 0], [0, 0, 42], [1, 0, 12], [0, 1, 0]], [1.0, 1.151, 45.735]]
[[[0, 0, 0], [1, 0, 0], [0, 1, 0], [0, 0, 43], [1, 0, 11], [0, 1, 0]], [1.0, 1.1347, 46.3455]]
[[[0, 0, 0], [1, 0, 0], [0, 1, 0], [0, 0, 44], [1, 0, 10], [0, 1, 0]], [1.0, 1.1191, 46.975]]
[[[0, 0, 0], [1, 0, 0], [0, 1, 0], [0, 0, 45], [1, 0, 9], [0, 1, 0]], [1.0, 1.1044, 47.6216]]
[[[0, 0, 0], [1, 0, 0], [0, 1, 0], [0, 0, 46], [1, 0, 8], [0, 1, 0]], [1.0, 1.0903, 48.2838]]
[[[0, 0, 0], [1, 0, 0], [0, 1, 0], [0, 0, 47], [1, 0, 7], [0, 1, 0]], [1.0, 1.077, 48.9602]]
[[[0, 0, 0], [1, 0, 0], [0, 1, 0], [0, 0, 48], [1, 0, 6], [0, 1, 0]], [1.0, 1.0643, 49.6495]]
[[[0, 0, 0], [1, 0, 0], [0, 1, 0], [0, 0, 49], [1, 0, 5], [0, 1, 0]], [1.0, 1.0522, 50.3506]]
[[[0, 0, 0], [1, 0, 0], [0, 1, 0], [0, 0, 50], [1, 0, 4], [0, 1, 0]], [1.0, 1.0408, 51.0624]]
[[[0, 0, 0], [1, 0, 0], [0, 1, 0], [0, 0, 51], [1, 0, 3], [0, 1, 0]], [1.0, 1.0298, 51.7841]]
[[[0, 0, 0], [1, 0, 0], [0, 1, 0], [0, 0, 52], [1, 0, 2], [0, 1, 0]], [1.0, 1.0194, 52.5147]]
[[[0, 0, 0], [1, 0, 0], [0, 1, 0], [0, 0, 53], [1, 0, 1], [0, 1, 0]], [1.0, 1.0095, 53.2536]]
[[[0, 0, 0], [1, 0, 0], [0, 1, 0], [0, 0, 28], [1, 0, 27], [0, 1, 0]], [1.0, 1.4864, 41.2568]]
[[[0, 0, 0], [1, 0, 0], [0, 1, 0], [0, 0, 29], [1, 0, 26], [0, 1, 0]], [1.0, 1.4592, 41.3112]]
[[[0, 0, 0], [1, 0, 0], [0, 1, 0], [0, 0, 30], [1, 0, 25], [0, 1, 0]], [1.0, 1.4322, 41.4194]]
[[[0, 0, 0], [1, 0, 0], [0, 1, 0], [0, 0, 31], [1, 0, 24], [0, 1, 0]], [1.0, 1.4057, 41.5801]]
[[[0, 0, 0], [1, 0, 0], [0, 1, 0], [0, 0, 32], [1, 0, 23], [0, 1, 0]], [1.0, 1.3796, 41.7916]]
[[[0, 0, 0], [1, 0, 0], [0, 1, 0], [0, 0, 33], [1, 0, 22], [0, 1, 0]], [1.0, 1.3542, 42.0516]]
[[[0, 0, 0], [1, 0, 0], [0, 1, 0], [0, 0, 34], [1, 0, 21], [0, 1, 0]], [1.0, 1.3296, 42.3577]]
[[[0, 0, 0], [1, 0, 0], [0, 1, 0], [0, 0, 35], [1, 0, 20], [0, 1, 0]], [1.0, 1.3057, 42.7069]]
[[[0, 0, 0], [1, 0, 0], [0, 1, 0], [0, 0, 36], [1, 0, 19], [0, 1, 0]], [1.0, 1.2828, 43.0965]]
[[[0, 0, 0], [1, 0, 0], [0, 1, 0], [0, 0, 37], [1, 0, 18], [0, 1, 0]], [1.0, 1.2607, 43.5234]]
[[[0, 0, 0], [1, 0, 0], [0, 1, 0], [0, 0, 38], [1, 0, 17], [0, 1, 0]], [1.0, 1.2395, 43.9848]]
[[[0, 0, 0], [1, 0, 0], [0, 1, 0], [0, 0, 39], [1, 0, 16], [0, 1, 0]], [1.0, 1.2193, 44.4779]]
[[[0, 0, 0], [1, 0, 0], [0, 1, 0], [0, 0, 40], [1, 0, 15], [0, 1, 0]], [1.0, 1.2, 44.9999]]
[[[0, 0, 0], [1, 0, 0], [0, 1, 0], [0, 0, 41], [1, 0, 14], [0, 1, 0]], [1.0, 1.1816, 45.5485]]
[[[0, 0, 0], [1, 0, 0], [0, 1, 0], [0, 0, 42], [1, 0, 13], [0, 1, 0]], [1.0, 1.1641, 46.1212]]
[[[0, 0, 0], [1, 0, 0], [0, 1, 0], [0, 0, 43], [1, 0, 12], [0, 1, 0]], [1.0, 1.1474, 46.7159]]
[[[0, 0, 0], [1, 0, 0], [0, 1, 0], [0, 0, 44], [1, 0, 11], [0, 1, 0]], [1.0, 1.1315, 47.3305]]
[[[0, 0, 0], [1, 0, 0], [0, 1, 0], [0, 0, 45], [1, 0, 10], [0, 1, 0]], [1.0, 1.1164, 47.9634]]
[[[0, 0, 0], [1, 0, 0], [0, 1, 0], [0, 0, 46], [1, 0, 9], [0, 1, 0]], [1.0, 1.102, 48.6128]]
[[[0, 0, 0], [1, 0, 0], [0, 1, 0], [0, 0, 47], [1, 0, 8], [0, 1, 0]], [1.0, 1.0883, 49.2773]]
[[[0, 0, 0], [1, 0, 0], [0, 1, 0], [0, 0, 48], [1, 0, 7], [0, 1, 0]], [1.0, 1.0753, 49.9555]]
[[[0, 0, 0], [1, 0, 0], [0, 1, 0], [0, 0, 49], [1, 0, 6], [0, 1, 0]], [1.0, 1.063, 50.6463]]
[[[0, 0, 0], [1, 0, 0], [0, 1, 0], [0, 0, 50], [1, 0, 5], [0, 1, 0]], [1.0, 1.0512, 51.3485]]
[[[0, 0, 0], [1, 0, 0], [0, 1, 0], [0, 0, 51], [1, 0, 4], [0, 1, 0]], [1.0, 1.04, 52.0611]]
[[[0, 0, 0], [1, 0, 0], [0, 1, 0], [0, 0, 52], [1, 0, 3], [0, 1, 0]], [1.0, 1.0292, 52.7834]]
[[[0, 0, 0], [1, 0, 0], [0, 1, 0], [0, 0, 53], [1, 0, 2], [0, 1, 0]], [1.0, 1.019, 53.5144]]
[[[0, 0, 0], [1, 0, 0], [0, 1, 0], [0, 0, 54], [1, 0, 1], [0, 1, 0]], [1.0, 1.0093, 54.2535]]
[[[0, 0, 0], [1, 0, 0], [0, 1, 0], [0, 0, 28], [1, 0, 28], [0, 1, 0]], [1.0, 1.5, 41.9991]]
[[[0, 0, 0], [1, 0, 0], [0, 1, 0], [0, 0, 29], [1, 0, 27], [0, 1, 0]], [1.0, 1.4732, 42.0268]]
[[[0, 0, 0], [1, 0, 0], [0, 1, 0], [0, 0, 30], [1, 0, 26], [0, 1, 0]], [1.0, 1.4466, 42.1067]]
[[[0, 0, 0], [1, 0, 0], [0, 1, 0], [0, 0, 31], [1, 0, 25], [0, 1, 0]], [1.0, 1.4203, 42.239]]
[[[0, 0, 0], [1, 0, 0], [0, 1, 0], [0, 0, 32], [1, 0, 24], [0, 1, 0]], [1.0, 1.3944, 42.4222]]
[[[0, 0, 0], [1, 0, 0], [0, 1, 0], [0, 0, 33], [1, 0, 23], [0, 1, 0]], [1.0, 1.3691, 42.6544]]
[[[0, 0, 0], [1, 0, 0], [0, 1, 0], [0, 0, 34], [1, 0, 22], [0, 1, 0]], [1.0, 1.3445, 42.9332]]
[[[0, 0, 0], [1, 0, 0], [0, 1, 0], [0, 0, 35], [1, 0, 21], [0, 1, 0]], [1.0, 1.3206, 43.2561]]
[[[0, 0, 0], [1, 0, 0], [0, 1, 0], [0, 0, 36], [1, 0, 20], [0, 1, 0]], [1.0, 1.2974, 43.6205]]
[[[0, 0, 0], [1, 0, 0], [0, 1, 0], [0, 0, 37], [1, 0, 19], [0, 1, 0]], [1.0, 1.2752, 44.0234]]
[[[0, 0, 0], [1, 0, 0], [0, 1, 0], [0, 0, 38], [1, 0, 18], [0, 1, 0]], [1.0, 1.2538, 44.4621]]
[[[0, 0, 0], [1, 0, 0], [0, 1, 0], [0, 0, 39], [1, 0, 17], [0, 1, 0]], [1.0, 1.2333, 44.9337]]
[[[0, 0, 0], [1, 0, 0], [0, 1, 0], [0, 0, 40], [1, 0, 16], [0, 1, 0]], [1.0, 1.2137, 45.4356]]
[[[0, 0, 0], [1, 0, 0], [0, 1, 0], [0, 0, 41], [1, 0, 15], [0, 1, 0]], [1.0, 1.195, 45.9652]]
[[[0, 0, 0], [1, 0, 0], [0, 1, 0], [0, 0, 42], [1, 0, 14], [0, 1, 0]], [1.0, 1.1771, 46.5203]]
[[[0, 0, 0], [1, 0, 0], [0, 1, 0], [0, 0, 43], [1, 0, 13], [0, 1, 0]], [1.0, 1.1601, 47.0984]]
[[[0, 0, 0], [1, 0, 0], [0, 1, 0], [0, 0, 44], [1, 0, 12], [0, 1, 0]], [1.0, 1.1439, 47.6977]]
[[[0, 0, 0], [1, 0, 0], [0, 1, 0], [0, 0, 45], [1, 0, 11], [0, 1, 0]], [1.0, 1.1285, 48.3162]]
[[[0, 0, 0], [1, 0, 0], [0, 1, 0], [0, 0, 46], [1, 0, 10], [0, 1, 0]], [1.0, 1.1138, 48.9523]]
[[[0, 0, 0], [1, 0, 0], [0, 1, 0], [0, 0, 47], [1, 0, 9], [0, 1, 0]], [1.0, 1.0998, 49.6044]]
[[[0, 0, 0], [1, 0, 0], [0, 1, 0], [0, 0, 48], [1, 0, 8], [0, 1, 0]], [1.0, 1.0864, 50.2711]]
[[[0, 0, 0], [1, 0, 0], [0, 1, 0], [0, 0, 49], [1, 0, 7], [0, 1, 0]], [1.0, 1.0738, 50.951]]
[[[0, 0, 0], [1, 0, 0], [0, 1, 0], [0, 0, 50], [1, 0, 6], [0, 1, 0]], [1.0, 1.0617, 51.6432]]
[[[0, 0, 0], [1, 0, 0], [0, 1, 0], [0, 0, 51], [1, 0, 5], [0, 1, 0]], [1.0, 1.0502, 52.3465]]
[[[0, 0, 0], [1, 0, 0], [0, 1, 0], [0, 0, 52], [1, 0, 4], [0, 1, 0]], [1.0, 1.0392, 53.0599]]
[[[0, 0, 0], [1, 0, 0], [0, 1, 0], [0, 0, 53], [1, 0, 3], [0, 1, 0]], [1.0, 1.0287, 53.7827]]
[[[0, 0, 0], [1, 0, 0], [0, 1, 0], [0, 0, 54], [1, 0, 2], [0, 1, 0]], [1.0, 1.0187, 54.5141]]
[[[0, 0, 0], [1, 0, 0], [0, 1, 0], [0, 0, 55], [1, 0, 1], [0, 1, 0]], [1.0, 1.0091, 55.2534]]
[[[0, 0, 0], [1, 0, 0], [0, 1, 0], [0, 0, 29], [1, 0, 28], [0, 1, 0]], [1.0, 1.4868, 42.7566]]
[[[0, 0, 0], [1, 0, 0], [0, 1, 0], [0, 0, 30], [1, 0, 27], [0, 1, 0]], [1.0, 1.4606, 42.8091]]
[[[0, 0, 0], [1, 0, 0], [0, 1, 0], [0, 0, 31], [1, 0, 26], [0, 1, 0]], [1.0, 1.4346, 42.9135]]
[[[0, 0, 0], [1, 0, 0], [0, 1, 0], [0, 0, 32], [1, 0, 25], [0, 1, 0]], [1.0, 1.4089, 43.0688]]
[[[0, 0, 0], [1, 0, 0], [0, 1, 0], [0, 0, 33], [1, 0, 24], [0, 1, 0]], [1.0, 1.3837, 43.2733]]
[[[0, 0, 0], [1, 0, 0], [0, 1, 0], [0, 0, 34], [1, 0, 23], [0, 1, 0]], [1.0, 1.3591, 43.525]]
[[[0, 0, 0], [1, 0, 0], [0, 1, 0], [0, 0, 35], [1, 0, 22], [0, 1, 0]], [1.0, 1.3351, 43.8216]]
[[[0, 0, 0], [1, 0, 0], [0, 1, 0], [0, 0, 36], [1, 0, 21], [0, 1, 0]], [1.0, 1.3119, 44.1605]]
[[[0, 0, 0], [1, 0, 0], [0, 1, 0], [0, 0, 37], [1, 0, 20], [0, 1, 0]], [1.0, 1.2895, 44.539]]
[[[0, 0, 0], [1, 0, 0], [0, 1, 0], [0, 0, 38], [1, 0, 19], [0, 1, 0]], [1.0, 1.2679, 44.9545]]
[[[0, 0, 0], [1, 0, 0], [0, 1, 0], [0, 0, 39], [1, 0, 18], [0, 1, 0]], [1.0, 1.2472, 45.4041]]
[[[0, 0, 0], [1, 0, 0], [0, 1, 0], [0, 0, 40], [1, 0, 17], [0, 1, 0]], [1.0, 1.2274, 45.8853]]
[[[0, 0, 0], [1, 0, 0], [0, 1, 0], [0, 0, 41], [1, 0, 16], [0, 1, 0]], [1.0, 1.2084, 46.3955]]
[[[0, 0, 0], [1, 0, 0], [0, 1, 0], [0, 0, 42], [1, 0, 15], [0, 1, 0]], [1.0, 1.1902, 46.9323]]
[[[0, 0, 0], [1, 0, 0], [0, 1, 0], [0, 0, 43], [1, 0, 14], [0, 1, 0]], [0.1011, 1.7667, 39.7717]]
[[[0, 0, 0], [1, 0, 0], [0, 1, 0], [0, 0, 44], [1, 0, 13], [0, 1, 0]], [1.0, 1.1563, 48.0768]]
[[[0, 0, 0], [1, 0, 0], [0, 1, 0], [0, 0, 45], [1, 0, 12], [0, 1, 0]], [1.0, 1.1406, 48.6804]]
[[[0, 0, 0], [1, 0, 0], [0, 1, 0], [0, 0, 46], [1, 0, 11], [0, 1, 0]], [1.0, 1.1256, 49.3026]]
[[[0, 0, 0], [1, 0, 0], [0, 1, 0], [0, 0, 47], [1, 0, 10], [0, 1, 0]], [1.0, 1.1113, 49.9418]]
[[[0, 0, 0], [1, 0, 0], [0, 1, 0], [0, 0, 48], [1, 0, 9], [0, 1, 0]], [1.0, 1.0976, 50.5964]]
[[[0, 0, 0], [1, 0, 0], [0, 1, 0], [0, 0, 49], [1, 0, 8], [0, 1, 0]], [1.0, 1.0846, 51.2651]]
[[[0, 0, 0], [1, 0, 0], [0, 1, 0], [0, 0, 50], [1, 0, 7], [0, 1, 0]], [1.0, 1.0722, 51.9467]]
[[[0, 0, 0], [1, 0, 0], [0, 1, 0], [0, 0, 51], [1, 0, 6], [0, 1, 0]], [1.0, 1.0604, 52.6402]]
[[[0, 0, 0], [1, 0, 0], [0, 1, 0], [0, 0, 52], [1, 0, 5], [0, 1, 0]], [1.0, 1.0492, 53.3445]]
[[[0, 0, 0], [1, 0, 0], [0, 1, 0], [0, 0, 53], [1, 0, 4], [0, 1, 0]], [1.0, 1.0384, 54.0588]]
[[[0, 0, 0], [1, 0, 0], [0, 1, 0], [0, 0, 54], [1, 0, 3], [0, 1, 0]], [1.0, 1.0282, 54.7821]]
[[[0, 0, 0], [1, 0, 0], [0, 1, 0], [0, 0, 55], [1, 0, 2], [0, 1, 0]], [1.0, 1.0183, 55.5139]]
[[[0, 0, 0], [1, 0, 0], [0, 1, 0], [0, 0, 56], [1, 0, 1], [0, 1, 0]], [1.0, 1.009, 56.2534]]
[[[0, 0, 0], [1, 0, 0], [0, 1, 0], [0, 0, 29], [1, 0, 29], [0, 1, 0]], [1.0, 1.5, 43.4999]]
[[[0, 0, 0], [1, 0, 0], [0, 1, 0], [0, 0, 30], [1, 0, 28], [0, 1, 0]], [1.0, 1.4742, 43.5258]]
[[[0, 0, 0], [1, 0, 0], [0, 1, 0], [0, 0, 31], [1, 0, 27], [0, 1, 0]], [1.0, 1.4485, 43.6031]]
[[[0, 0, 0], [1, 0, 0], [0, 1, 0], [0, 0, 32], [1, 0, 26], [0, 1, 0]], [1.0, 1.423, 43.7309]]
[[[0, 0, 0], [1, 0, 0], [0, 1, 0], [0, 0, 33], [1, 0, 25], [0, 1, 0]], [1.0, 1.398, 43.9081]]
[[[0, 0, 0], [1, 0, 0], [0, 1, 0], [0, 0, 34], [1, 0, 24], [0, 1, 0]], [1.0, 1.3735, 44.1327]]
[[[0, 0, 0], [1, 0, 0], [0, 1, 0], [0, 0, 35], [1, 0, 23], [0, 1, 0]], [1.0, 1.3495, 44.4029]]
[[[0, 0, 0], [1, 0, 0], [0, 1, 0], [0, 0, 36], [1, 0, 22], [0, 1, 0]], [1.0, 1.3263, 44.7162]]
[[[0, 0, 0], [1, 0, 0], [0, 1, 0], [0, 0, 37], [1, 0, 21], [0, 1, 0]], [1.0, 1.3037, 45.0702]]
[[[0, 0, 0], [1, 0, 0], [0, 1, 0], [0, 0, 38], [1, 0, 20], [0, 1, 0]], [1.0, 1.282, 45.4621]]
[[[0, 0, 0], [1, 0, 0], [0, 1, 0], [0, 0, 39], [1, 0, 19], [0, 1, 0]], [1.0, 1.2611, 45.8893]]
[[[0, 0, 0], [1, 0, 0], [0, 1, 0], [0, 0, 40], [1, 0, 18], [0, 1, 0]], [1.0, 1.241, 46.3494]]
[[[0, 0, 0], [1, 0, 0], [0, 1, 0], [0, 0, 41], [1, 0, 17], [0, 1, 0]], [1.0, 1.2217, 46.8396]]
[[[0, 0, 0], [1, 0, 0], [0, 1, 0], [0, 0, 42], [1, 0, 16], [0, 1, 0]], [1.0, 1.2033, 47.3576]]
[[[0, 0, 0], [1, 0, 0], [0, 1, 0], [0, 0, 43], [1, 0, 15], [0, 1, 0]], [1.0, 1.1856, 47.9011]]
[[[0, 0, 0], [1, 0, 0], [0, 1, 0], [0, 0, 44], [1, 0, 14], [0, 1, 0]], [1.0, 1.1688, 48.4679]]
[[[0, 0, 0], [1, 0, 0], [0, 1, 0], [0, 0, 45], [1, 0, 13], [0, 1, 0]], [1.0, 1.1527, 49.0562]]
[[[0, 0, 0], [1, 0, 0], [0, 1, 0], [0, 0, 46], [1, 0, 12], [0, 1, 0]], [1.0, 1.1374, 49.664]]
[[[0, 0, 0], [1, 0, 0], [0, 1, 0], [0, 0, 47], [1, 0, 11], [0, 1, 0]], [1.0, 1.1228, 50.2897]]
[[[0, 0, 0], [1, 0, 0], [0, 1, 0], [0, 0, 48], [1, 0, 10], [0, 1, 0]], [1.0, 1.1089, 50.9317]]
[[[0, 0, 0], [1, 0, 0], [0, 1, 0], [0, 0, 49], [1, 0, 9], [0, 1, 0]], [1.0, 1.0956, 51.5887]]
[[[0, 0, 0], [1, 0, 0], [0, 1, 0], [0, 0, 50], [1, 0, 8], [0, 1, 0]], [1.0, 1.0829, 52.2594]]
[[[0, 0, 0], [1, 0, 0], [0, 1, 0], [0, 0, 51], [1, 0, 7], [0, 1, 0]], [1.0, 1.0708, 52.9426]]
[[[0, 0, 0], [1, 0, 0], [0, 1, 0], [0, 0, 52], [1, 0, 6], [0, 1, 0]], [1.0, 1.0592, 53.6374]]
[[[0, 0, 0], [1, 0, 0], [0, 1, 0], [0, 0, 53], [1, 0, 5], [0, 1, 0]], [1.0, 1.0482, 54.3427]]
[[[0, 0, 0], [1, 0, 0], [0, 1, 0], [0, 0, 54], [1, 0, 4], [0, 1, 0]], [1.0, 1.0377, 55.0576]]
[[[0, 0, 0], [1, 0, 0], [0, 1, 0], [0, 0, 55], [1, 0, 3], [0, 1, 0]], [1.0, 1.0276, 55.7815]]
[[[0, 0, 0], [1, 0, 0], [0, 1, 0], [0, 0, 56], [1, 0, 2], [0, 1, 0]], [1.0, 1.018, 56.5136]]
[[[0, 0, 0], [1, 0, 0], [0, 1, 0], [0, 0, 57], [1, 0, 1], [0, 1, 0]], [1.0, 1.0088, 57.2533]]
[[[0, 0, 0], [1, 0, 0], [0, 1, 0], [0, 0, 30], [1, 0, 29], [0, 1, 0]], [1.0, 1.4873, 44.2564]]
[[[0, 0, 0], [1, 0, 0], [0, 1, 0], [0, 0, 31], [1, 0, 28], [0, 1, 0]], [1.0, 1.4619, 44.3071]]
[[[0, 0, 0], [1, 0, 0], [0, 1, 0], [0, 0, 32], [1, 0, 27], [0, 1, 0]], [1.0, 1.4368, 44.4081]]
[[[0, 0, 0], [1, 0, 0], [0, 1, 0], [0, 0, 33], [1, 0, 26], [0, 1, 0]], [1.0, 1.4119, 44.5582]]
[[[0, 0, 0], [1, 0, 0], [0, 1, 0], [0, 0, 34], [1, 0, 25], [0, 1, 0]], [1.0, 1.3875, 44.7561]]
[[[0, 0, 0], [1, 0, 0], [0, 1, 0], [0, 0, 35], [1, 0, 24], [0, 1, 0]], [1.0, 1.3636, 44.9995]]
[[[0, 0, 0], [1, 0, 0], [0, 1, 0], [0, 0, 36], [1, 0, 23], [0, 1, 0]], [1.0, 1.3404, 45.2877]]
[[[0, 0, 0], [1, 0, 0], [0, 1, 0], [0, 0, 37], [1, 0, 22], [0, 1, 0]], [1.0, 1.3178, 45.6168]]
[[[0, 0, 0], [1, 0, 0], [0, 1, 0], [0, 0, 38], [1, 0, 21], [0, 1, 0]], [1.0, 1.2959, 45.9848]]
[[[0, 0, 0], [1, 0, 0], [0, 1, 0], [0, 0, 39], [1, 0, 20], [0, 1, 0]], [1.0, 1.2748, 46.3893]]
[[[0, 0, 0], [1, 0, 0], [0, 1, 0], [0, 0, 40], [1, 0, 19], [0, 1, 0]], [1.0, 1.2545, 46.8277]]
[[[0, 0, 0], [1, 0, 0], [0, 1, 0], [0, 0, 41], [1, 0, 18], [0, 1, 0]], [1.0, 1.235, 47.2975]]
[[[0, 0, 0], [1, 0, 0], [0, 1, 0], [0, 0, 42], [1, 0, 17], [0, 1, 0]], [1.0, 1.2163, 47.7962]]
[[[0, 0, 0], [1, 0, 0], [0, 1, 0], [0, 0, 43], [1, 0, 16], [0, 1, 0]], [1.0, 1.1984, 48.3215]]
[[[0, 0, 0], [1, 0, 0], [0, 1, 0], [0, 0, 44], [1, 0, 15], [0, 1, 0]], [1.0, 1.1813, 48.8714]]
[[[0, 0, 0], [1, 0, 0], [0, 1, 0], [0, 0, 45], [1, 0, 14], [0, 1, 0]], [1.0, 1.1649, 49.4437]]
[[[0, 0, 0], [1, 0, 0], [0, 1, 0], [0, 0, 46], [1, 0, 13], [0, 1, 0]], [1.0, 1.1493, 50.0366]]
[[[0, 0, 0], [1, 0, 0], [0, 1, 0], [0, 0, 47], [1, 0, 12], [0, 1, 0]], [1.0, 1.1344, 50.6483]]
[[[0, 0, 0], [1, 0, 0], [0, 1, 0], [0, 0, 48], [1, 0, 11], [0, 1, 0]], [1.0, 1.1201, 51.2773]]
[[[0, 0, 0], [1, 0, 0], [0, 1, 0], [0, 0, 49], [1, 0, 10], [0, 1, 0]], [1.0, 1.1066, 51.9221]]
[[[0, 0, 0], [1, 0, 0], [0, 1, 0], [0, 0, 50], [1, 0, 9], [0, 1, 0]], [1.0, 1.0936, 52.5814]]
[[[0, 0, 0], [1, 0, 0], [0, 1, 0], [0, 0, 51], [1, 0, 8], [0, 1, 0]], [1.0, 1.0812, 53.2539]]
[[[0, 0, 0], [1, 0, 0], [0, 1, 0], [0, 0, 52], [1, 0, 7], [0, 1, 0]], [1.0, 1.0694, 53.9387]]
[[[0, 0, 0], [1, 0, 0], [0, 1, 0], [0, 0, 53], [1, 0, 6], [0, 1, 0]], [1.0, 1.0581, 54.6346]]
[[[0, 0, 0], [1, 0, 0], [0, 1, 0], [0, 0, 54], [1, 0, 5], [0, 1, 0]], [1.0, 1.0473, 55.3409]]
[[[0, 0, 0], [1, 0, 0], [0, 1, 0], [0, 0, 55], [1, 0, 4], [0, 1, 0]], [1.4959, 2.1807, 11.0752]]
[[[0, 0, 0], [1, 0, 0], [0, 1, 0], [0, 0, 56], [1, 0, 3], [0, 1, 0]], [1.0, 1.0271, 56.7809]]
[[[0, 0, 0], [1, 0, 0], [0, 1, 0], [0, 0, 57], [1, 0, 2], [0, 1, 0]], [1.0, 1.0177, 57.5134]]
[[[0, 0, 0], [1, 0, 0], [0, 1, 0], [0, 0, 58], [1, 0, 1], [0, 1, 0]], [1.0, 1.0087, 58.2533]]
[[[0, 0, 0], [1, 0, 0], [0, 1, 0], [0, 0, 30], [1, 0, 30], [0, 1, 0]], [1.0, 1.5, 45.0009]]
[[[0, 0, 0], [1, 0, 0], [0, 1, 0], [0, 0, 31], [1, 0, 29], [0, 1, 0]], [1.0, 1.475, 45.025]]
[[[0, 0, 0], [1, 0, 0], [0, 1, 0], [0, 0, 32], [1, 0, 28], [0, 1, 0]], [1.0, 1.4502, 45.0997]]
[[[0, 0, 0], [1, 0, 0], [0, 1, 0], [0, 0, 33], [1, 0, 27], [0, 1, 0]], [1.0, 1.4256, 45.2233]]
[[[0, 0, 0], [1, 0, 0], [0, 1, 0], [0, 0, 34], [1, 0, 26], [0, 1, 0]], [1.0, 1.4013, 45.3948]]
[[[0, 0, 0], [1, 0, 0], [0, 1, 0], [0, 0, 35], [1, 0, 25], [0, 1, 0]], [1.0, 1.3775, 45.6125]]
[[[0, 0, 0], [1, 0, 0], [0, 1, 0], [0, 0, 36], [1, 0, 24], [0, 1, 0]], [1.0, 1.3542, 45.8745]]
[[[0, 0, 0], [1, 0, 0], [0, 1, 0], [0, 0, 37], [1, 0, 23], [0, 1, 0]], [1.0, 1.3316, 46.1787]]
[[[0, 0, 0], [1, 0, 0], [0, 1, 0], [0, 0, 38], [1, 0, 22], [0, 1, 0]], [1.0, 1.3097, 46.5227]]
[[[0, 0, 0], [1, 0, 0], [0, 1, 0], [0, 0, 39], [1, 0, 21], [0, 1, 0]], [1.0, 1.2884, 46.9041]]
[[[0, 0, 0], [1, 0, 0], [0, 1, 0], [0, 0, 40], [1, 0, 20], [0, 1, 0]], [1.0, 1.2679, 47.3205]]
[[[0, 0, 0], [1, 0, 0], [0, 1, 0], [0, 0, 41], [1, 0, 19], [0, 1, 0]], [1.0, 1.2482, 47.7694]]
[[[0, 0, 0], [1, 0, 0], [0, 1, 0], [0, 0, 42], [1, 0, 18], [0, 1, 0]], [1.0, 1.2293, 48.2483]]
[[[0, 0, 0], [1, 0, 0], [0, 1, 0], [0, 0, 43], [1, 0, 17], [0, 1, 0]], [1.0, 1.2112, 48.755]]
[[[0, 0, 0], [1, 0, 0], [0, 1, 0], [0, 0, 44], [1, 0, 16], [0, 1, 0]], [1.0, 1.1938, 49.2873]]
[[[0, 0, 0], [1, 0, 0], [0, 1, 0], [0, 0, 45], [1, 0, 15], [0, 1, 0]], [1.0, 1.1771, 49.8431]]
[[[0, 0, 0], [1, 0, 0], [0, 1, 0], [0, 0, 46], [1, 0, 14], [0, 1, 0]], [1.0, 1.1612, 50.4206]]
[[[0, 0, 0], [1, 0, 0], [0, 1, 0], [0, 0, 47], [1, 0, 13], [0, 1, 0]], [1.0, 1.146, 51.0178]]
[[[0, 0, 0], [1, 0, 0], [0, 1, 0], [0, 0, 48], [1, 0, 12], [0, 1, 0]], [1.0, 1.1315, 51.6333]]
[[[0, 0, 0], [1, 0, 0], [0, 1, 0], [0, 0, 49], [1, 0, 11], [0, 1, 0]], [1.0, 1.1176, 52.2654]]
[[[0, 0, 0], [1, 0, 0], [0, 1, 0], [0, 0, 50], [1, 0, 10], [0, 1, 0]], [1.0, 1.1044, 52.9129]]
[[[0, 0, 0], [1, 0, 0], [0, 1, 0], [0, 0, 51], [1, 0, 9], [0, 1, 0]], [1.0, 1.0917, 53.5744]]
[[[0, 0, 0], [1, 0, 0], [0, 1, 0], [0, 0, 52], [1, 0, 8], [0, 1, 0]], [1.0, 1.0796, 54.2487]]
[[[0, 0, 0], [1, 0, 0], [0, 1, 0], [0, 0, 53], [1, 0, 7], [0, 1, 0]], [1.0, 1.068, 54.9349]]
[[[0, 0, 0], [1, 0, 0], [0, 1, 0], [0, 0, 54], [1, 0, 6], [0, 1, 0]], [1.0, 1.057, 55.632]]
[[[0, 0, 0], [1, 0, 0], [0, 1, 0], [0, 0, 55], [1, 0, 5], [0, 1, 0]], [1.0, 1.0464, 56.3391]]
[[[0, 0, 0], [1, 0, 0], [0, 1, 0], [0, 0, 56], [1, 0, 4], [0, 1, 0]], [1.0, 1.0363, 57.0555]]
[[[0, 0, 0], [1, 0, 0], [0, 1, 0], [0, 0, 57], [1, 0, 3], [0, 1, 0]], [1.0, 1.0267, 57.7804]]
[[[0, 0, 0], [1, 0, 0], [0, 1, 0], [0, 0, 58], [1, 0, 2], [0, 1, 0]], [1.0, 1.0174, 58.5132]]
[[[0, 0, 0], [1, 0, 0], [0, 1, 0], [0, 0, 59], [1, 0, 1], [0, 1, 0]], [1.0, 1.0085, 59.2532]]
[[[0, 0, 0], [1, 0, 0], [0, 1, 0], [0, 0, 31], [1, 0, 30], [0, 1, 0]], [1.0, 1.4877, 45.7561]]
[[[0, 0, 0], [1, 0, 0], [0, 1, 0], [0, 0, 32], [1, 0, 29], [0, 1, 0]], [1.0, 1.4632, 45.8052]]
[[[0, 0, 0], [1, 0, 0], [0, 1, 0], [0, 0, 33], [1, 0, 28], [0, 1, 0]], [1.0, 1.4388, 45.9029]]
[[[0, 0, 0], [1, 0, 0], [0, 1, 0], [0, 0, 34], [1, 0, 27], [0, 1, 0]], [1.0, 1.4148, 46.0483]]
[[[0, 0, 0], [1, 0, 0], [0, 1, 0], [0, 0, 35], [1, 0, 26], [0, 1, 0]], [1.0, 1.3911, 46.2401]]
[[[0, 0, 0], [1, 0, 0], [0, 1, 0], [0, 0, 36], [1, 0, 25], [0, 1, 0]], [1.0, 1.3679, 46.4765]]
[[[0, 0, 0], [1, 0, 0], [0, 1, 0], [0, 0, 37], [1, 0, 24], [0, 1, 0]], [0.2485, 1.6527, 25.4324]]
[[[0, 0, 0], [1, 0, 0], [0, 1, 0], [0, 0, 38], [1, 0, 23], [0, 1, 0]], [1.0, 1.3233, 47.0756]]
[[[0, 0, 0], [1, 0, 0], [0, 1, 0], [0, 0, 39], [1, 0, 22], [0, 1, 0]], [1.0, 1.3019, 47.4337]]
[[[0, 0, 0], [1, 0, 0], [0, 1, 0], [0, 0, 40], [1, 0, 21], [0, 1, 0]], [1.0, 1.2813, 47.8277]]
[[[0, 0, 0], [1, 0, 0], [0, 1, 0], [0, 0, 41], [1, 0, 20], [0, 1, 0]], [1.0, 1.2614, 48.2553]]
[[[0, 0, 0], [1, 0, 0], [0, 1, 0], [0, 0, 42], [1, 0, 19], [0, 1, 0]], [1.0, 1.2423, 48.714]]
[[[0, 0, 0], [1, 0, 0], [0, 1, 0], [0, 0, 43], [1, 0, 18], [0, 1, 0]], [1.0, 1.2239, 49.2016]]
[[[0, 0, 0], [1, 0, 0], [0, 1, 0], [0, 0, 44], [1, 0, 17], [0, 1, 0]], [1.0, 1.2062, 49.7159]]
[[[0, 0, 0], [