[[1, 0, 0], 0.592593]
[[1, 1, 0], 0.421875]
[[1, 1, 1], 0.346568]
[[2, 0, 0], 0.296296]
[[2, 1, 0], 0.250307]
[[2, 1, 1], 0.226393]
[[2, 2, 0], 0.210938]
[[2, 2, 1], 0.196370]
[[2, 2, 2], 0.226045]
[[3, 0, 0], 0.197531]
[[3, 1, 0], 0.268023]
[[3, 1, 1], 0.188654]
[[3, 2, 0], 0.205629]
[[3, 2, 1], 0.162008]
[[3, 2, 2], 0.189945]
[[3, 3, 0], 0.140625]
[[3, 3, 1], 0.135497]
[[3, 3, 2], 0.155743]
[[3, 3, 3], 0.168481]
[[4, 0, 0], 0.148148]
[[4, 1, 0], 0.274822]
[[4, 1, 1], 0.172489]
[[4, 2, 0], 0.202526]
[[4, 2, 1], 0.132569]
[[4, 2, 2], 0.124366]
[[4, 3, 0], 0.138178]
[[4, 3, 1], 0.113160]
[[4, 3, 2], 0.104943]
[[4, 3, 3], 0.149539]
[[4, 4, 0], 0.105469]
[[4, 4, 1], 0.103093]
[[4, 4, 2], 0.138830]
[[4, 4, 3], 0.104342]
[[4, 4, 4], 0.147538]
[[5, 0, 0], 0.118519]
[[5, 1, 0], 0.097152]
[[5, 1, 1], 0.163935]
[[5, 2, 0], 0.200496]
[[5, 2, 1], 0.122796]
[[5, 2, 2], 0.108621]
[[5, 3, 0], 0.136504]
[[5, 3, 1], 0.101585]
[[5, 3, 2], 0.091146]
[[5, 3, 3], 0.132763]
[[5, 4, 0], 0.104068]
[[5, 4, 1], 0.089893]
[[5, 4, 2], 0.104066]
[[5, 4, 3], 0.101492]
[[5, 4, 4], 0.094367]
[[5, 5, 0], 0.084375]
[[5, 5, 1], 0.116899]
[[5, 5, 2], 0.091124]
[[5, 5, 3], 0.078798]
[[5, 5, 4], 0.076775]
[[5, 5, 5], 0.110282]
[[6, 0, 0], 0.098765]
[[6, 1, 0], 0.097749]
[[6, 1, 1], 0.158738]
[[6, 2, 0], 0.123682]
[[6, 2, 1], 0.117100]
[[6, 2, 2], 0.093678]
[[6, 3, 0], 0.135289]
[[6, 3, 1], 0.094944]
[[6, 3, 2], 0.097934]
[[6, 3, 3], 0.096213]
[[6, 4, 0], 0.103024]
[[6, 4, 1], 0.082179]
[[6, 4, 2], 0.099144]
[[6, 4, 3], 0.074865]
[[6, 4, 4], 0.078713]
[[6, 5, 0], 0.083470]
[[6, 5, 1], 0.074436]
[[6, 5, 2], 0.092231]
[[6, 5, 3], 0.106416]
[[6, 5, 4], 0.072098]
[[6, 5, 5], 0.100019]
[[6, 6, 0], 0.070313]
[[6, 6, 1], 0.069534]
[[6, 6, 2], 0.088092]
[[6, 6, 3], 0.101066]
[[6, 6, 4], 0.067471]
[[6, 6, 5], 0.076602]
[[6, 6, 6], 0.077575]
[[7, 0, 0], 0.084656]
[[7, 1, 0], 0.098159]
[[7, 1, 1], 0.084220]
[[7, 2, 0], 0.125444]
[[7, 2, 1], 0.113430]
[[7, 2, 2], 0.082849]
[[7, 3, 0], 0.076372]
[[7, 3, 1], 0.090769]
[[7, 3, 2], 0.083805]
[[7, 3, 3], 0.078275]
[[7, 4, 0], 0.102217]
[[7, 4, 1], 0.077355]
[[7, 4, 2], 0.081647]
[[7, 4, 3], 0.082825]
[[7, 4, 4], 0.075595]
[[7, 5, 0], 0.082757]
[[7, 5, 1], 0.068940]
[[7, 5, 2], 0.082411]
[[7, 5, 3], 0.072175]
[[7, 5, 4], 0.082783]
[[7, 5, 5], 0.068385]
[[7, 6, 0], 0.069680]
[[7, 6, 1], 0.063457]
[[7, 6, 2], 0.073127]
[[7, 6, 3], 0.079195]
[[7, 6, 4], 0.070427]
[[7, 6, 5], 0.063565]
[[7, 6, 6], 0.074733]
[[7, 7, 0], 0.060268]
[[7, 7, 1], 0.059763]
[[7, 7, 2], 0.075908]
[[7, 7, 3], 0.081092]
[[7, 7, 4], 0.062447]
[[7, 7, 5], 0.059791]
[[7, 7, 6], 0.068596]
[[7, 7, 7], 0.064279]
[[8, 0, 0], 0.074078]
[[8, 1, 0], 0.060439]
[[8, 1, 1], 0.063993]
[[8, 2, 0], 0.067369]
[[8, 2, 1], 0.063230]
[[8, 2, 2], 0.081860]
[[8, 3, 0], 0.077858]
[[8, 3, 1], 0.067618]
[[8, 3, 2], 0.068437]
[[8, 3, 3], 0.073555]
[[8, 4, 0], 0.054113]
[[8, 4, 1], 0.074137]
[[8, 4, 2], 0.073984]
[[8, 4, 3], 0.068537]
[[8, 4, 4], 0.064775]
[[8, 5, 0], 0.043869]
[[8, 5, 1], 0.065275]
[[8, 5, 2], 0.072415]
[[8, 5, 3], 0.072648]
[[8, 5, 4], 0.057864]
[[8, 5, 5], 0.061255]
[[8, 6, 0], 0.069163]
[[8, 6, 1], 0.059349]
[[8, 6, 2], 0.075607]
[[8, 6, 3], 0.072553]
[[8, 6, 4], 0.053661]
[[8, 6, 5], 0.073801]
[[8, 6, 6], 0.061372]
[[8, 7, 0], 0.059801]
[[8, 7, 1], 0.055271]
[[8, 7, 2], 0.078309]
[[8, 7, 3], 0.071029]
[[8, 7, 4], 0.050278]
[[8, 7, 5], 0.061225]
[[8, 7, 6], 0.056803]
[[8, 7, 7], 0.066529]
[[8, 8, 0], 0.052734]
[[8, 8, 1], 0.052388]
[[8, 8, 2], 0.053292]
[[8, 8, 3], 0.072305]
[[8, 8, 4], 0.072442]
[[8, 8, 5], 0.048935]
[[8, 8, 6], 0.054008]
[[8, 8, 7], 0.057525]
[[8, 8, 8], 0.060283]
[[9, 0, 0], 0.065844]
[[9, 1, 0], 0.062470]
[[9, 1, 1], 0.064710]
[[9, 2, 0], 0.060569]
[[9, 2, 1], 0.062685]
[[9, 2, 2], 0.060277]
[[9, 3, 0], 0.070248]
[[9, 3, 1], 0.068105]
[[9, 3, 2], 0.066094]
[[9, 3, 3], 0.062247]
[[9, 4, 0], 0.055396]
[[9, 4, 1], 0.071868]
[[9, 4, 2], 0.064322]
[[9, 4, 3], 0.064594]
[[9, 4, 4], 0.052282]
[[9, 5, 0], 0.041368]
[[9, 5, 1], 0.062712]
[[9, 5, 2], 0.070079]
[[9, 5, 3], 0.064521]
[[9, 5, 4], 0.073796]
[[9, 5, 5], 0.050024]
[[9, 6, 0], 0.068733]
[[9, 6, 1], 0.056471]
[[9, 6, 2], 0.055031]
[[9, 6, 3], 0.065230]
[[9, 6, 4], 0.052343]
[[9, 6, 5], 0.060281]
[[9, 6, 6], 0.048749]
[[9, 7, 0], 0.059409]
[[9, 7, 1], 0.052088]
[[9, 7, 2], 0.052898]
[[9, 7, 3], 0.066369]
[[9, 7, 4], 0.058018]
[[9, 7, 5], 0.052984]
[[9, 7, 6], 0.050530]
[[9, 7, 7], 0.046412]
[[9, 8, 0], 0.052376]
[[9, 8, 1], 0.048939]
[[9, 8, 2], 0.051386]
[[9, 8, 3], 0.065611]
[[9, 8, 4], 0.068881]
[[9, 8, 5], 0.051092]
[[9, 8, 6], 0.034328]
[[9, 8, 7], 0.051998]
[[9, 8, 8], 0.057049]
[[9, 9, 0], 0.046875]
[[9, 9, 1], 0.046627]
[[9, 9, 2], 0.045620]
[[9, 9, 3], 0.067020]
[[9, 9, 4], 0.060728]
[[9, 9, 5], 0.047130]
[[9, 9, 6], 0.042634]
[[9, 9, 7], 0.048960]
[[9, 9, 8], 0.056468]
[[9, 9, 9], 0.044601]
[[10, 0, 0], 0.059259]
[[10, 1, 0], 0.043955]
[[10, 1, 1], 0.065289]
[[10, 2, 0], 0.053296]
[[10, 2, 1], 0.040839]
[[10, 2, 2], 0.061960]
[[10, 3, 0], 0.046810]
[[10, 3, 1], 0.068462]
[[10, 3, 2], 0.067801]
[[10, 3, 3], 0.055569]
[[10, 4, 0], 0.056327]
[[10, 4, 1], 0.050427]
[[10, 4, 2], 0.062570]
[[10, 4, 3], 0.058524]
[[10, 4, 4], 0.058283]
[[10, 5, 0], 0.042494]
[[10, 5, 1], 0.060842]
[[10, 5, 2], 0.056784]
[[10, 5, 3], 0.061663]
[[10, 5, 4], 0.058570]
[[10, 5, 5], 0.052798]
[[10, 6, 0], 0.068369]
[[10, 6, 1], 0.054380]
[[10, 6, 2], 0.053572]
[[10, 6, 3], 0.065224]
[[10, 6, 4], 0.056903]
[[10, 6, 5], 0.050812]
[[10, 6, 6], 0.050350]
[[10, 7, 0], 0.059075]
[[10, 7, 1], 0.049769]
[[10, 7, 2], 0.051476]
[[10, 7, 3], 0.044777]
[[10, 7, 4], 0.055981]
[[10, 7, 5], 0.044908]
[[10, 7, 6], 0.046087]
[[10, 7, 7], 0.049714]
[[10, 8, 0], 0.052068]
[[10, 8, 1], 0.046402]
[[10, 8, 2], 0.049984]
[[10, 8, 3], 0.066048]
[[10, 8, 4], 0.054085]
[[10, 8, 5], 0.045493]
[[10, 8, 6], 0.049761]
[[10, 8, 7], 0.046132]
[[10, 8, 8], 0.031542]
[[10, 9, 0], 0.046591]
[[10, 9, 1], 0.043899]
[[10, 9, 2], 0.048865]
[[10, 9, 3], 0.062370]
[[10, 9, 4], 0.057111]
[[10, 9, 5], 0.054979]
[[10, 9, 6], 0.051857]
[[10, 9, 7], 0.035649]
[[10, 9, 8], 0.047854]
[[10, 9, 9], 0.042025]
[[10, 10, 0], 0.042188]
[[10, 10, 1], 0.042004]
[[10, 10, 2], 0.047995]
[[10, 10, 3], 0.053207]
[[10, 10, 4], 0.055904]
[[10, 10, 5], 0.041757]
[[10, 10, 6], 0.039390]
[[10, 10, 7], 0.044775]
[[10, 10, 8], 0.045638]
[[10, 10, 9], 0.051565]
[[10, 10, 10], 0.056439]
[[11, 0, 0], 0.053872]
[[11, 1, 0], 0.043672]
[[11, 1, 1], 0.025776]
[[11, 2, 0], 0.061342]
[[11, 2, 1], 0.031853]
[[11, 2, 2], 0.061070]
[[11, 3, 0], 0.060900]
[[11, 3, 1], 0.026634]
[[11, 3, 2], 0.031350]
[[11, 3, 3], 0.053424]
[[11, 4, 0], 0.057032]
[[11, 4, 1], 0.052857]
[[11, 4, 2], 0.061316]
[[11, 4, 3], 0.054837]
[[11, 4, 4], 0.053146]
[[11, 5, 0], 0.043323]
[[11, 5, 1], 0.059426]
[[11, 5, 2], 0.055185]
[[11, 5, 3], 0.050615]
[[11, 5, 4], 0.049528]
[[11, 5, 5], 0.050609]
[[11, 6, 0], 0.034188]
[[11, 6, 1], 0.052810]
[[11, 6, 2], 0.052457]
[[11, 6, 3], 0.055355]
[[11, 6, 4], 0.050698]
[[11, 6, 5], 0.046766]
[[11, 6, 6], 0.048520]
[[11, 7, 0], 0.058788]
[[11, 7, 1], 0.048031]
[[11, 7, 2], 0.050387]
[[11, 7, 3], 0.063418]
[[11, 7, 4], 0.052102]
[[11, 7, 5], 0.050923]
[[11, 7, 6], 0.058260]
[[11, 7, 7], 0.050193]
[[11, 8, 0], 0.051802]
[[11, 8, 1], 0.044494]
[[11, 8, 2], 0.048910]
[[11, 8, 3], 0.040782]
[[11, 8, 4], 0.051759]
[[11, 8, 5], 0.050210]
[[11, 8, 6], 0.038536]
[[11, 8, 7], 0.034636]
[[11, 8, 8], 0.045758]
[[11, 9, 0], 0.046343]
[[11, 9, 1], 0.041831]
[[11, 9, 2], 0.047801]
[[11, 9, 3], 0.041972]
[[11, 9, 4], 0.052609]
[[11, 9, 5], 0.044047]
[[11, 9, 6], 0.044934]
[[11, 9, 7], 0.037255]
[[11, 9, 8], 0.042629]
[[11, 9, 9], 0.047155]
[[11, 10, 0], 0.041957]
[[11, 10, 1], 0.039794]
[[11, 10, 2], 0.046937]
[[11, 10, 3], 0.043028]
[[11, 10, 4], 0.053367]
[[11, 10, 5], 0.046306]
[[11, 10, 6], 0.036672]
[[11, 10, 7], 0.037883]
[[11, 10, 8], 0.037954]
[[11, 10, 9], 0.024742]
[[11, 10, 10], 0.049616]
[[11, 11, 0], 0.038352]
[[11, 11, 1], 0.038213]
[[11, 11, 2], 0.046245]
[[11, 11, 3], 0.056257]
[[11, 11, 4], 0.052749]
[[11, 11, 5], 0.049470]
[[11, 11, 6], 0.039600]
[[11, 11, 7], 0.038796]
[[11, 11, 8], 0.038707]
[[11, 11, 9], 0.022686]
[[11, 11, 10], 0.048543]
[[11, 11, 11], 0.028604]
[[12, 0, 0], 0.049383]
[[12, 1, 0], 0.038750]
[[12, 1, 1], 0.052604]
[[12, 2, 0], 0.048536]
[[12, 2, 1], 0.048072]
[[12, 2, 2], 0.029282]
[[12, 3, 0], 0.029950]
[[12, 3, 1], 0.026191]
[[12, 3, 2], 0.031839]
[[12, 3, 3], 0.032639]
[[12, 4, 0], 0.057586]
[[12, 4, 1], 0.034806]
[[12, 4, 2], 0.060315]
[[12, 4, 3], 0.055597]
[[12, 4, 4], 0.047804]
[[12, 5, 0], 0.043961]
[[12, 5, 1], 0.058322]
[[12, 5, 2], 0.054087]
[[12, 5, 3], 0.049333]
[[12, 5, 4], 0.048742]
[[12, 5, 5], 0.048437]
[[12, 6, 0], 0.034935]
[[12, 6, 1], 0.051595]
[[12, 6, 2], 0.048914]
[[12, 6, 3], 0.048926]
[[12, 6, 4], 0.049227]
[[12, 6, 5], 0.046822]
[[12, 6, 6], 0.049583]
[[12, 7, 0], 0.058537]
[[12, 7, 1], 0.046693]
[[12, 7, 2], 0.049527]
[[12, 7, 3], 0.056096]
[[12, 7, 4], 0.048692]
[[12, 7, 5], 0.043151]
[[12, 7, 6], 0.040744]
[[12, 7, 7], 0.042745]
[[12, 8, 0], 0.051569]
[[12, 8, 1], 0.043027]
[[12, 8, 2], 0.048060]
[[12, 8, 3], 0.041659]
[[12, 8, 4], 0.048911]
[[12, 8, 5], 0.045527]
[[12, 8, 6], 0.057472]
[[12, 8, 7], 0.039335]
[[12, 8, 8], 0.037450]
[[12, 9, 0], 0.046126]
[[12, 9, 1], 0.040235]
[[12, 9, 2], 0.046958]
[[12, 9, 3], 0.042831]
[[12, 9, 4], 0.048395]
[[12, 9, 5], 0.049978]
[[12, 9, 6], 0.037999]
[[12, 9, 7], 0.053284]
[[12, 9, 8], 0.041252]
[[12, 9, 9], 0.030494]
[[12, 10, 0], 0.041753]
[[12, 10, 1], 0.038076]
[[12, 10, 2], 0.047242]
[[12, 10, 3], 0.043870]
[[12, 10, 4], 0.050305]
[[12, 10, 5], 0.052678]
[[12, 10, 6], 0.037196]
[[12, 10, 7], 0.033046]
[[12, 10, 8], 0.036905]
[[12, 10, 9], 0.034261]
[[12, 10, 10], 0.045188]
[[12, 11, 0], 0.038161]
[[12, 11, 1], 0.036387]
[[12, 11, 2], 0.045411]
[[12, 11, 3], 0.044795]
[[12, 11, 4], 0.049205]
[[12, 11, 5], 0.048014]
[[12, 11, 6], 0.041774]
[[12, 11, 7], 0.037806]
[[12, 11, 8], 0.040811]
[[12, 11, 9], 0.020633]
[[12, 11, 10], 0.041896]
[[12, 11, 11], 0.042894]
[[12, 12, 0], 0.035156]
[[12, 12, 1], 0.035048]
[[12, 12, 2], 0.034652]
[[12, 12, 3], 0.045623]
[[12, 12, 4], 0.050767]
[[12, 12, 5], 0.054141]
[[12, 12, 6], 0.058327]
[[12, 12, 7], 0.037553]
[[12, 12, 8], 0.033667]
[[12, 12, 9], 0.028159]
[[12, 12, 10], 0.039432]
[[12, 12, 11], 0.046935]
[[12, 12, 12], 0.022645]
[[13, 0, 0], 0.045595]
[[13, 1, 0], 0.047730]
[[13, 1, 1], 0.027250]
[[13, 2, 0], 0.037501]
[[13, 2, 1], 0.032176]
[[13, 2, 2], 0.029699]
[[13, 3, 0], 0.046320]
[[13, 3, 1], 0.045451]
[[13, 3, 2], 0.055624]
[[13, 3, 3], 0.033419]
[[13, 4, 0], 0.033211]
[[13, 4, 1], 0.034977]
[[13, 4, 2], 0.059292]
[[13, 4, 3], 0.054591]
[[13, 4, 4], 0.046924]
[[13, 5, 0], 0.044466]
[[13, 5, 1], 0.057438]
[[13, 5, 2], 0.053198]
[[13, 5, 3], 0.048305]
[[13, 5, 4], 0.045679]
[[13, 5, 5], 0.045455]
[[13, 6, 0], 0.035516]
[[13, 6, 1], 0.050631]
[[13, 6, 2], 0.047927]
[[13, 6, 3], 0.043943]
[[13, 6, 4], 0.047475]
[[13, 6, 5], 0.044978]
[[13, 6, 6], 0.052903]
[[13, 7, 0], 0.058318]
[[13, 7, 1], 0.045638]
[[13, 7, 2], 0.043797]
[[13, 7, 3], 0.041097]
[[13, 7, 4], 0.045053]
[[13, 7, 5], 0.045424]
[[13, 7, 6], 0.038829]
[[13, 7, 7], 0.040857]
[[13, 8, 0], 0.051363]
[[13, 8, 1], 0.041874]
[[13, 8, 2], 0.047372]
[[13, 8, 3], 0.042413]
[[13, 8, 4], 0.044563]
[[13, 8, 5], 0.044606]
[[13, 8, 6], 0.036217]
[[13, 8, 7], 0.051363]
[[13, 8, 8], 0.039410]
[[13, 9, 0], 0.045933]
[[13, 9, 1], 0.038980]
[[13, 9, 2], 0.046276]
[[13, 9, 3], 0.043571]
[[13, 9, 4], 0.048077]
[[13, 9, 5], 0.043043]
[[13, 9, 6], 0.047262]
[[13, 9, 7], 0.037651]
[[13, 9, 8], 0.034789]
[[13, 9, 9], 0.038148]
[[13, 10, 0], 0.041572]
[[13, 10, 1], 0.036722]
[[13, 10, 2], 0.045421]
[[13, 10, 3], 0.044596]
[[13, 10, 4], 0.049004]
[[13, 10, 5], 0.048658]
[[13, 10, 6], 0.037663]
[[13, 10, 7], 0.028874]
[[13, 10, 8], 0.022192]
[[13, 10, 9], 0.036386]
[[13, 10, 10], 0.026541]
[[13, 11, 0], 0.037991]
[[13, 11, 1], 0.034938]
[[13, 11, 2], 0.044735]
[[13, 11, 3], 0.045508]
[[13, 11, 4], 0.048134]
[[13, 11, 5], 0.041360]
[[13, 11, 6], 0.042204]
[[13, 11, 7], 0.033576]
[[13, 11, 8], 0.032796]
[[13, 11, 9], 0.035360]
[[13, 11, 10], 0.020511]
[[13, 11, 11], 0.041288]
[[13, 12, 0], 0.034996]
[[13, 12, 1], 0.033514]
[[13, 12, 2], 0.044173]
[[13, 12, 3], 0.046324]
[[13, 12, 4], 0.048361]
[[13, 12, 5], 0.042908]
[[13, 12, 6], 0.051256]
[[13, 12, 7], 0.051918]
[[13, 12, 8], 0.046097]
[[13, 12, 9], 0.033052]
[[13, 12, 10], 0.051934]
[[13, 12, 11], 0.051618]
[[13, 12, 12], 0.020347]
[[13, 13, 0], 0.032452]
[[13, 13, 1], 0.053637]
[[13, 13, 2], 0.043704]
[[13, 13, 3], 0.047056]
[[13, 13, 4], 0.051619]
[[13, 13, 5], 0.044822]
[[13, 13, 6], 0.047300]
[[13, 13, 7], 0.036937]
[[13, 13, 8], 0.023109]
[[13, 13, 9], 0.031912]
[[13, 13, 10], 0.033842]
[[13, 13, 11], 0.037515]
[[13, 13, 12], 0.057952]
[[13, 13, 13], 0.056096]
[[14, 0, 0], 0.042328]
[[14, 1, 0], 0.037077]
[[14, 1, 1], 0.038654]
[[14, 2, 0], 0.018228]
[[14, 2, 1], 0.033498]
[[14, 2, 2], 0.020955]
[[14, 3, 0], 0.038118]
[[14, 3, 1], 0.019973]
[[14, 3, 2], 0.049258]
[[14, 3, 3], 0.034092]
[[14, 4, 0], 0.026474]
[[14, 4, 1], 0.035117]
[[14, 4, 2], 0.036664]
[[14, 4, 3], 0.036513]
[[14, 4, 4], 0.046038]
[[14, 5, 0], 0.044876]
[[14, 5, 1], 0.056715]
[[14, 5, 2], 0.052465]
[[14, 5, 3], 0.038538]
[[14, 5, 4], 0.044540]
[[14, 5, 5], 0.038638]
[[14, 6, 0], 0.035980]
[[14, 6, 1], 0.049848]
[[14, 6, 2], 0.047122]
[[14, 6, 3], 0.043114]
[[14, 6, 4], 0.041986]
[[14, 6, 5], 0.042018]
[[14, 6, 6], 0.037251]
[[14, 7, 0], 0.029637]
[[14, 7, 1], 0.044788]
[[14, 7, 2], 0.042920]
[[14, 7, 3], 0.041762]
[[14, 7, 4], 0.041403]
[[14, 7, 5], 0.041555]
[[14, 7, 6], 0.037619]
[[14, 7, 7], 0.038944]
[[14, 8, 0], 0.051180]
[[14, 8, 1], 0.040950]
[[14, 8, 2], 0.039618]
[[14, 8, 3], 0.043066]
[[14, 8, 4], 0.042638]
[[14, 8, 5], 0.039687]
[[14, 8, 6], 0.043482]
[[14, 8, 7], 0.036350]
[[14, 8, 8], 0.037240]
[[14, 9, 0], 0.045761]
[[14, 9, 1], 0.037976]
[[14, 9, 2], 0.045712]
[[14, 9, 3], 0.044213]
[[14, 9, 4], 0.037858]
[[14, 9, 5], 0.039320]
[[14, 9, 6], 0.045419]
[[14, 9, 7], 0.027105]
[[14, 9, 8], 0.034167]
[[14, 9, 9], 0.022171]
[[14, 10, 0], 0.041410]
[[14, 10, 1], 0.035637]
[[14, 10, 2], 0.044860]
[[14, 10, 3], 0.045226]
[[14, 10, 4], 0.038057]
[[14, 10, 5], 0.042545]
[[14, 10, 6], 0.039631]
[[14, 10, 7], 0.029470]
[[14, 10, 8], 0.033811]
[[14, 10, 9], 0.049278]
[[14, 10, 10], 0.036479]
[[14, 11, 0], 0.037838]
[[14, 11, 1], 0.033774]
[[14, 11, 2], 0.044177]
[[14, 11, 3], 0.046128]
[[14, 11, 4], 0.039141]
[[14, 11, 5], 0.040569]
[[14, 11, 6], 0.040866]
[[14, 11, 7], 0.029926]
[[14, 11, 8], 0.033294]
[[14, 11, 9], 0.032164]
[[14, 11, 10], 0.018874]
[[14, 11, 11], 0.035799]
[[14, 12, 0], 0.034851]
[[14, 12, 1], 0.032277]
[[14, 12, 2], 0.043617]
[[14, 12, 3], 0.046933]
[[14, 12, 4], 0.050446]
[[14, 12, 5], 0.041696]
[[14, 12, 6], 0.047542]
[[14, 12, 7], 0.032677]
[[14, 12, 8], 0.032100]
[[14, 12, 9], 0.030778]
[[14, 12, 10], 0.032503]
[[14, 12, 11], 0.019291]
[[14, 12, 12], 0.035313]
[[14, 13, 0], 0.032315]
[[14, 13, 1], 0.031061]
[[14, 13, 2], 0.043149]
[[14, 13, 3], 0.047656]
[[14, 13, 4], 0.038516]
[[14, 13, 5], 0.041144]
[[14, 13, 6], 0.035875]
[[14, 13, 7], 0.049728]
[[14, 13, 8], 0.031459]
[[14, 13, 9], 0.021694]
[[14, 13, 10], 0.036894]
[[14, 13, 11], 0.020152]
[[14, 13, 12], 0.052524]
[[14, 13, 13], 0.055175]
[[14, 14, 0], 0.030134]
[[14, 14, 1], 0.030065]
[[14, 14, 2], 0.042753]
[[14, 14, 3], 0.048308]
[[14, 14, 4], 0.051909]
[[14, 14, 5], 0.042012]
[[14, 14, 6], 0.042170]
[[14, 14, 7], 0.040278]
[[14, 14, 8], 0.027853]
[[14, 14, 9], 0.031488]
[[14, 14, 10], 0.018431]
[[14, 14, 11], 0.038403]
[[14, 14, 12], 0.055639]
[[14, 14, 13], 0.040216]
[[14, 14, 14], 0.052090]
[[15, 0, 0], 0.039508]
[[15, 1, 0], 0.037837]
[[15, 1, 1], 0.018606]
[[15, 2, 0], 0.018275]
[[15, 2, 1], 0.032435]
[[15, 2, 2], 0.031983]
[[15, 3, 0], 0.036565]
[[15, 3, 1], 0.016881]
[[15, 3, 2], 0.032922]
[[15, 3, 3], 0.034679]
[[15, 4, 0], 0.041064]
[[15, 4, 1], 0.035234]
[[15, 4, 2], 0.055094]
[[15, 4, 3], 0.037108]
[[15, 4, 4], 0.041951]
[[15, 5, 0], 0.045216]
[[15, 5, 1], 0.056114]
[[15, 5, 2], 0.051852]
[[15, 5, 3], 0.039132]
[[15, 5, 4], 0.036926]
[[15, 5, 5], 0.039101]
[[15, 6, 0], 0.036359]
[[15, 6, 1], 0.049202]
[[15, 6, 2], 0.046454]
[[15, 6, 3], 0.040855]
[[15, 6, 4], 0.037328]
[[15, 6, 5], 0.038942]
[[15, 6, 6], 0.040368]
[[15, 7, 0], 0.030066]
[[15, 7, 1], 0.044090]
[[15, 7, 2], 0.042197]
[[15, 7, 3], 0.039298]
[[15, 7, 4], 0.037658]
[[15, 7, 5], 0.039310]
[[15, 7, 6], 0.037733]
[[15, 7, 7], 0.037471]
[[15, 8, 0], 0.051017]
[[15, 8, 1], 0.040194]
[[15, 8, 2], 0.038837]
[[15, 8, 3], 0.036919]
[[15, 8, 4], 0.037932]
[[15, 8, 5], 0.039003]
[[15, 8, 6], 0.040238]
[[15, 8, 7], 0.042537]
[[15, 8, 8], 0.035613]
[[15, 9, 0], 0.045607]
[[15, 9, 1], 0.037159]
[[15, 9, 2], 0.036159]
[[15, 9, 3], 0.035569]
[[15, 9, 4], 0.032771]
[[15, 9, 5], 0.038810]
[[15, 9, 6], 0.038028]
[[15, 9, 7], 0.041126]
[[15, 9, 8], 0.032745]
[[15, 9, 9], 0.041708]
[[15, 10, 0], 0.041264]
[[15, 10, 1], 0.034755]
[[15, 10, 2], 0.044389]
[[15, 10, 3], 0.045778]
[[15, 10, 4], 0.031274]
[[15, 10, 5], 0.039175]
[[15, 10, 6], 0.037317]
[[15, 10, 7], 0.031567]
[[15, 10, 8], 0.030881]
[[15, 10, 9], 0.032059]
[[15, 10, 10], 0.044458]
[[15, 11, 0], 0.037700]
[[15, 11, 1], 0.032828]
[[15, 11, 2], 0.043708]
[[15, 11, 3], 0.046670]
[[15, 11, 4], 0.038539]
[[15, 11, 5], 0.039370]
[[15, 11, 6], 0.041470]
[[15, 11, 7], 0.029041]
[[15, 11, 8], 0.041867]
[[15, 11, 9], 0.044404]
[[15, 11, 10], 0.031946]
[[15, 11, 11], 0.016322]
[[15, 12, 0], 0.034720]
[[15, 12, 1], 0.031266]
[[15, 12, 2], 0.043149]
[[15, 12, 3], 0.032968]
[[15, 12, 4], 0.038691]
[[15, 12, 5], 0.039024]
[[15, 12, 6], 0.037206]
[[15, 12, 7], 0.029324]
[[15, 12, 8], 0.023567]
[[15, 12, 9], 0.022075]
[[15, 12, 10], 0.021010]
[[15, 12, 11], 0.019125]
[[15, 12, 12], 0.035278]
[[15, 13, 0], 0.032191]
[[15, 13, 1], 0.029991]
[[15, 13, 2], 0.042682]
[[15, 13, 3], 0.032417]
[[15, 13, 4], 0.029991]
[[15, 13, 5], 0.039383]
[[15, 13, 6], 0.040224]
[[15, 13, 7], 0.034645]
[[15, 13, 8], 0.040422]
[[15, 13, 9], 0.025372]
[[15, 13, 10], 0.021884]
[[15, 13, 11], 0.047889]
[[15, 13, 12], 0.018943]
[[15, 13, 13], 0.031710]
[[15, 14, 0], 0.047227]
[[15, 14, 1], 0.028940]
[[15, 14, 2], 0.042287]
[[15, 14, 3], 0.031956]
[[15, 14, 4], 0.038945]
[[15, 14, 5], 0.039947]
[[15, 14, 6], 0.035888]
[[15, 14, 7], 0.032179]
[[15, 14, 8], 0.035316]
[[15, 14, 9], 0.027036]
[[15, 14, 10], 0.023076]
[[15, 14, 11], 0.026539]
[[15, 14, 12], 0.031801]
[[15, 14, 13], 0.035860]
[[15, 14, 14], 0.051295]
[[15, 15, 0], 0.028125]
[[15, 15, 1], 0.028068]
[[15, 15, 2], 0.041948]
[[15, 15, 3], 0.032510]
[[15, 15, 4], 0.039053]
[[15, 15, 5], 0.039059]
[[15, 15, 6], 0.036469]
[[15, 15, 7], 0.034873]
[[15, 15, 8], 0.025733]
[[15, 15, 9], 0.026285]
[[15, 15, 10], 0.027263]
[[15, 15, 11], 0.015687]
[[15, 15, 12], 0.030659]
[[15, 15, 13], 0.051664]
[[15, 15, 14], 0.038035]
[[15, 15, 15], 0.048619]
[[16, 0, 0], 0.037037]
[[16, 1, 0], 0.038407]
[[16, 1, 1], 0.018365]
[[16, 2, 0], 0.018317]
[[16, 2, 1], 0.032525]
[[16, 2, 2], 0.030638]
[[16, 3, 0], 0.036649]
[[16, 3, 1], 0.016956]
[[16, 3, 2], 0.021186]
[[16, 3, 3], 0.035195]
[[16, 4, 0], 0.045095]
[[16, 4, 1], 0.035332]
[[16, 4, 2], 0.046030]
[[16, 4, 3], 0.037630]
[[16, 4, 4], 0.040567]
[[16, 5, 0], 0.045502]
[[16, 5, 1], 0.017564]
[[16, 5, 2], 0.051333]
[[16, 5, 3], 0.039654]
[[16, 5, 4], 0.043927]
[[16, 5, 5], 0.036528]
[[16, 6, 0], 0.036676]
[[16, 6, 1], 0.048660]
[[16, 6, 2], 0.045893]
[[16, 6, 3], 0.041372]
[[16, 6, 4], 0.039736]
[[16, 6, 5], 0.037673]
[[16, 6, 6], 0.036327]
[[16, 7, 0], 0.030419]
[[16, 7, 1], 0.043507]
[[16, 7, 2], 0.041593]
[[16, 7, 3], 0.038723]
[[16, 7, 4], 0.036484]
[[16, 7, 5], 0.035254]
[[16, 7, 6], 0.035624]
[[16, 7, 7], 0.032822]
[[16, 8, 0], 0.050870]
[[16, 8, 1], 0.039567]
[[16, 8, 2], 0.038186]
[[16, 8, 3], 0.036509]
[[16, 8, 4], 0.034009]
[[16, 8, 5], 0.038450]
[[16, 8, 6], 0.039382]
[[16, 8, 7], 0.032471]
[[16, 8, 8], 0.027649]
[[16, 9, 0], 0.045468]
[[16, 9, 1], 0.036483]
[[16, 9, 2], 0.035459]
[[16, 9, 3], 0.035054]
[[16, 9, 4], 0.038438]
[[16, 9, 5], 0.038875]
[[16, 9, 6], 0.035023]
[[16, 9, 7], 0.036614]
[[16, 9, 8], 0.031588]
[[16, 9, 9], 0.032899]
[[16, 10, 0], 0.041132]
[[16, 10, 1], 0.034028]
[[16, 10, 2], 0.043988]
[[16, 10, 3], 0.033979]
[[16, 10, 4], 0.030591]
[[16, 10, 5], 0.037362]
[[16, 10, 6], 0.035236]
[[16, 10, 7], 0.029186]
[[16, 10, 8], 0.029967]
[[16, 10, 9], 0.041489]
[[16, 10, 10], 0.041673]
[[16, 11, 0], 0.037574]
[[16, 11, 1], 0.032047]
[[16, 11, 2], 0.031456]
[[16, 11, 3], 0.033144]
[[16, 11, 4], 0.038813]
[[16, 11, 5], 0.036210]
[[16, 11, 6], 0.036031]
[[16, 11, 7], 0.029850]
[[16, 11, 8], 0.030030]
[[16, 11, 9], 0.023125]
[[16, 11, 10], 0.017439]
[[16, 11, 11], 0.031494]
[[16, 12, 0], 0.034601]
[[16, 12, 1], 0.030433]
[[16, 12, 2], 0.042751]
[[16, 12, 3], 0.032475]
[[16, 12, 4], 0.038966]
[[16, 12, 5], 0.040980]
[[16, 12, 6], 0.040325]
[[16, 12, 7], 0.030565]
[[16, 12, 8], 0.046610]
[[16, 12, 9], 0.022712]
[[16, 12, 10], 0.020185]
[[16, 12, 11], 0.018008]
[[16, 12, 12], 0.021466]
[[16, 13, 0], 0.032077]
[[16, 13, 1], 0.029106]
[[16, 13, 2], 0.042285]
[[16, 13, 3], 0.031927]
[[16, 13, 4], 0.039100]
[[16, 13, 5], 0.039258]
[[16, 13, 6], 0.035498]
[[16, 13, 7], 0.033730]
[[16, 13, 8], 0.028562]
[[16, 13, 9], 0.025124]
[[16, 13, 10], 0.027392]
[[16, 13, 11], 0.028700]
[[16, 13, 12], 0.030557]
[[16, 13, 13], 0.053872]
[[16, 14, 0], 0.029908]
[[16, 14, 1], 0.028007]
[[16, 14, 2], 0.041890]
[[16, 14, 3], 0.031469]
[[16, 14, 4], 0.039220]
[[16, 14, 5], 0.041774]
[[16, 14, 6], 0.036532]
[[16, 14, 7], 0.034739]
[[16, 14, 8], 0.028455]
[[16, 14, 9], 0.025671]
[[16, 14, 10], 0.041838]
[[16, 14, 11], 0.025408]
[[16, 14, 12], 0.029197]
[[16, 14, 13], 0.052341]
[[16, 14, 14], 0.033987]
[[16, 15, 0], 0.028022]
[[16, 15, 1], 0.027090]
[[16, 15, 2], 0.041552]
[[16, 15, 3], 0.032735]
[[16, 15, 4], 0.031376]
[[16, 15, 5], 0.038243]
[[16, 15, 6], 0.035547]
[[16, 15, 7], 0.038281]
[[16, 15, 8], 0.026959]
[[16, 15, 9], 0.031069]
[[16, 15, 10], 0.025620]
[[16, 15, 11], 0.016003]
[[16, 15, 12], 0.028147]
[[16, 15, 13], 0.051057]
[[16, 15, 14], 0.033202]
[[16, 15, 15], 0.047924]
[[16, 16, 0], 0.026367]
[[16, 16, 1], 0.026320]
[[16, 16, 2], 0.041258]
[[16, 16, 3], 0.030746]
[[16, 16, 4], 0.031796]
[[16, 16, 5], 0.040407]
[[16, 16, 6], 0.036003]
[[16, 16, 7], 0.033205]
[[16, 16, 8], 0.027540]
[[16, 16, 9], 0.024343]
[[16, 16, 10], 0.041340]
[[16, 16, 11], 0.038279]
[[16, 16, 12], 0.027267]
[[16, 16, 13], 0.049969]
[[16, 16, 14], 0.031995]
[[16, 16, 15], 0.046781]
[[16, 16, 16], 0.045581]
[[17, 0, 0], 0.034858]
[[17, 1, 0], 0.031434]
[[17, 1, 1], 0.032505]
[[17, 2, 0], 0.018353]
[[17, 2, 1], 0.032613]
[[17, 2, 2], 0.023661]
[[17, 3, 0], 0.034495]
[[17, 3, 1], 0.017012]
[[17, 3, 2], 0.021366]
[[17, 3, 3], 0.035650]
[[17, 4, 0], 0.014958]
[[17, 4, 1], 0.035416]
[[17, 4, 2], 0.045386]
[[17, 4, 3], 0.038092]
[[17, 4, 4], 0.023553]
[[17, 5, 0], 0.045746]
[[17, 5, 1], 0.020836]
[[17, 5, 2], 0.050888]
[[17, 5, 3], 0.033646]
[[17, 5, 4], 0.043387]
[[17, 5, 5], 0.038086]
[[17, 6, 0], 0.036944]
[[17, 6, 1], 0.048198]
[[17, 6, 2], 0.045414]
[[17, 6, 3], 0.030794]
[[17, 6, 4], 0.037840]
[[17, 6, 5], 0.034965]
[[17, 6, 6], 0.034088]
[[17, 7, 0], 0.030715]
[[17, 7, 1], 0.043014]
[[17, 7, 2], 0.041080]
[[17, 7, 3], 0.035309]
[[17, 7, 4], 0.035895]
[[17, 7, 5], 0.034881]
[[17, 7, 6], 0.034683]
[[17, 7, 7], 0.035444]
[[17, 8, 0], 0.050737]
[[17, 8, 1], 0.039038]
[[17, 8, 2], 0.037637]
[[17, 8, 3], 0.035760]
[[17, 8, 4], 0.033427]
[[17, 8, 5], 0.032570]
[[17, 8, 6], 0.033558]
[[17, 8, 7], 0.032358]
[[17, 8, 8], 0.022918]
[[17, 9, 0], 0.045341]
[[17, 9, 1], 0.035916]
[[17, 9, 2], 0.034871]
[[17, 9, 3], 0.033512]
[[17, 9, 4], 0.031506]
[[17, 9, 5], 0.037362]
[[17, 9, 6], 0.033660]
[[17, 9, 7], 0.033040]
[[17, 9, 8], 0.030570]
[[17, 9, 9], 0.025922]
[[17, 10, 0], 0.041012]
[[17, 10, 1], 0.033420]
[[17, 10, 2], 0.032625]
[[17, 10, 3], 0.033550]
[[17, 10, 4], 0.038884]
[[17, 10, 5], 0.031410]
[[17, 10, 6], 0.034627]
[[17, 10, 7], 0.027749]
[[17, 10, 8], 0.033946]
[[17, 10, 9], 0.029467]
[[17, 10, 10], 0.020554]
[[17, 11, 0], 0.037460]
[[17, 11, 1], 0.031396]
[[17, 11, 2], 0.030784]
[[17, 11, 3], 0.032721]
[[17, 11, 4], 0.029655]
[[17, 11, 5], 0.039836]
[[17, 11, 6], 0.033569]
[[17, 11, 7], 0.031684]
[[17, 11, 8], 0.025409]
[[17, 11, 9], 0.028305]
[[17, 11, 10], 0.017471]
[[17, 11, 11], 0.036587]
[[17, 12, 0], 0.034492]
[[17, 12, 1], 0.029737]
[[17, 12, 2], 0.036545]
[[17, 12, 3], 0.032056]
[[17, 12, 4], 0.039211]
[[17, 12, 5], 0.040585]
[[17, 12, 6], 0.035890]
[[17, 12, 7], 0.032708]
[[17, 12, 8], 0.026974]
[[17, 12, 9], 0.023452]
[[17, 12, 10], 0.016422]
[[17, 12, 11], 0.044452]
[[17, 12, 12], 0.015210]
[[17, 13, 0], 0.031973]
[[17, 13, 1], 0.028366]
[[17, 13, 2], 0.027996]
[[17, 13, 3], 0.031510]
[[17, 13, 4], 0.030796]
[[17, 13, 5], 0.039856]
[[17, 13, 6], 0.033723]
[[17, 13, 7], 0.033425]
[[17, 13, 8], 0.026054]
[[17, 13, 9], 0.025061]
[[17, 13, 10], 0.026086]
[[17, 13, 11], 0.019479]
[[17, 13, 12], 0.015447]
[[17, 13, 13], 0.037703]
[[17, 14, 0], 0.029808]
[[17, 14, 1], 0.027225]
[[17, 14, 2], 0.039568]
[[17, 14, 3], 0.031054]
[[17, 14, 4], 0.031292]
[[17, 14, 5], 0.028998]
[[17, 14, 6], 0.034761]
[[17, 14, 7], 0.034758]
[[17, 14, 8], 0.037797]
[[17, 14, 9], 0.029979]
[[17, 14, 10], 0.025114]
[[17, 14, 11], 0.026007]
[[17, 14, 12], 0.025318]
[[17, 14, 13], 0.030292]
[[17, 14, 14], 0.050142]
[[17, 15, 0], 0.027927]
[[17, 15, 1], 0.026268]
[[17, 15, 2], 0.041211]
[[17, 15, 3], 0.031377]
[[17, 15, 4], 0.031745]
[[17, 15, 5], 0.040501]
[[17, 15, 6], 0.034520]
[[17, 15, 7], 0.030725]
[[17, 15, 8], 0.028330]
[[17, 15, 9], 0.025339]
[[17, 15, 10], 0.032381]
[[17, 15, 11], 0.025106]
[[17, 15, 12], 0.052694]
[[17, 15, 13], 0.040555]
[[17, 15, 14], 0.048811]
[[17, 15, 15], 0.029924]
[[17, 16, 0], 0.026277]
[[17, 16, 1], 0.025461]
[[17, 16, 2], 0.040917]
[[17, 16, 3], 0.030334]
[[17, 16, 4], 0.032162]
[[17, 16, 5], 0.037390]
[[17, 16, 6], 0.033986]
[[17, 16, 7], 0.033060]
[[17, 16, 8], 0.026452]
[[17, 16, 9], 0.023417]
[[17, 16, 10], 0.023241]
[[17, 16, 11], 0.024397]
[[17, 16, 12], 0.025427]
[[17, 16, 13], 0.049466]
[[17, 16, 14], 0.047683]
[[17, 16, 15], 0.040324]
[[17, 16, 16], 0.044969]
[[17, 17, 0], 0.024816]
[[17, 17, 1], 0.024777]
[[17, 17, 2], 0.040660]
[[17, 17, 3], 0.030045]
[[17, 17, 4], 0.032545]
[[17, 17, 5], 0.038723]
[[17, 17, 6], 0.034785]
[[17, 17, 7], 0.031970]
[[17, 17, 8], 0.026909]
[[17, 17, 9], 0.024125]
[[17, 17, 10], 0.025057]
[[17, 17, 11], 0.016846]
[[17, 17, 12], 0.038962]
[[17, 17, 13], 0.026057]
[[17, 17, 14], 0.046717]
[[17, 17, 15], 0.030605]
[[17, 17, 16], 0.043957]
[[17, 17, 17], 0.042900]
[[18, 0, 0], 0.032922]
[[18, 1, 0], 0.023986]
[[18, 1, 1], 0.027483]
[[18, 2, 0], 0.018386]
[[18, 2, 1], 0.032679]
[[18, 2, 2], 0.026559]
[[18, 3, 0], 0.026292]
[[18, 3, 1], 0.039948]
[[18, 3, 2], 0.049658]
[[18, 3, 3], 0.036056]
[[18, 4, 0], 0.039554]
[[18, 4, 1], 0.035488]
[[18, 4, 2], 0.014477]
[[18, 4, 3], 0.038503]
[[18, 4, 4], 0.023419]
[[18, 5, 0], 0.045956]
[[18, 5, 1], 0.020905]
[[18, 5, 2], 0.026993]
[[18, 5, 3], 0.033744]
[[18, 5, 4], 0.037652]
[[18, 5, 5], 0.037544]
[[18, 6, 0], 0.037173]
[[18, 6, 1], 0.047801]
[[18, 6, 2], 0.045001]
[[18, 6, 3], 0.040939]
[[18, 6, 4], 0.038058]
[[18, 6, 5], 0.036303]
[[18, 6, 6], 0.031525]
[[18, 7, 0], 0.030967]
[[18, 7, 1], 0.042592]
[[18, 7, 2], 0.040641]
[[18, 7, 3], 0.037820]
[[18, 7, 4], 0.026917]
[[18, 7, 5], 0.034365]
[[18, 7, 6], 0.032286]
[[18, 7, 7], 0.031034]
[[18, 8, 0], 0.026331]
[[18, 8, 1], 0.038588]
[[18, 8, 2], 0.037168]
[[18, 8, 3], 0.035299]
[[18, 8, 4], 0.032938]
[[18, 8, 5], 0.031996]
[[18, 8, 6], 0.032076]
[[18, 8, 7], 0.031317]
[[18, 8, 8], 0.032364]
[[18, 9, 0], 0.045226]
[[18, 9, 1], 0.035435]
[[18, 9, 2], 0.034371]
[[18, 9, 3], 0.033013]
[[18, 9, 4], 0.031028]
[[18, 9, 5], 0.029819]
[[18, 9, 6], 0.031790]
[[18, 9, 7], 0.028670]
[[18, 9, 8], 0.029708]
[[18, 9, 9], 0.022298]
[[18, 10, 0], 0.040903]
[[18, 10, 1], 0.032905]
[[18, 10, 2], 0.032091]
[[18, 10, 3], 0.033182]
[[18, 10, 4], 0.029495]
[[18, 10, 5], 0.028680]
[[18, 10, 6], 0.032502]
[[18, 10, 7], 0.032970]
[[18, 10, 8], 0.027860]
[[18, 10, 9], 0.028038]
[[18, 10, 10], 0.029630]
[[18, 11, 0], 0.037356]
[[18, 11, 1], 0.030846]
[[18, 11, 2], 0.030215]
[[18, 11, 3], 0.032358]
[[18, 11, 4], 0.030005]
[[18, 11, 5], 0.038229]
[[18, 11, 6], 0.032263]
[[18, 11, 7], 0.029942]
[[18, 11, 8], 0.029661]
[[18, 11, 9], 0.026712]
[[18, 11, 10], 0.027557]
[[18, 11, 11], 0.019028]
[[18, 12, 0], 0.034392]
[[18, 12, 1], 0.029151]
[[18, 12, 2], 0.028657]
[[18, 12, 3], 0.031696]
[[18, 12, 4], 0.030598]
[[18, 12, 5], 0.028971]
[[18, 12, 6], 0.032369]
[[18, 12, 7], 0.031270]
[[18, 12, 8], 0.027239]
[[18, 12, 9], 0.025493]
[[18, 12, 10], 0.026134]
[[18, 12, 11], 0.027197]
[[18, 12, 12], 0.028707]
[[18, 13, 0], 0.031878]
[[18, 13, 1], 0.027743]
[[18, 13, 2], 0.027354]
[[18, 13, 3], 0.031152]
[[18, 13, 4], 0.031137]
[[18, 13, 5], 0.039147]
[[18, 13, 6], 0.032774]
[[18, 13, 7], 0.031599]
[[18, 13, 8], 0.029726]
[[18, 13, 9], 0.023622]
[[18, 13, 10], 0.024957]
[[18, 13, 11], 0.014693]
[[18, 13, 12], 0.017943]
[[18, 13, 13], 0.014088]
[[18, 14, 0], 0.029717]
[[18, 14, 1], 0.026565]
[[18, 14, 2], 0.026259]
[[18, 14, 3], 0.030698]
[[18, 14, 4], 0.026208]
[[18, 14, 5], 0.029202]
[[18, 14, 6], 0.032373]
[[18, 14, 7], 0.028562]
[[18, 14, 8], 0.025378]
[[18, 14, 9], 0.024234]
[[18, 14, 10], 0.023514]
[[18, 14, 11], 0.024819]
[[18, 14, 12], 0.016524]
[[18, 14, 13], 0.029060]
[[18, 14, 14], 0.024987]
[[18, 15, 0], 0.027840]
[[18, 15, 1], 0.025573]
[[18, 15, 2], 0.025332]
[[18, 15, 3], 0.030312]
[[18, 15, 4], 0.032078]
[[18, 15, 5], 0.029300]
[[18, 15, 6], 0.032245]
[[18, 15, 7], 0.027282]
[[18, 15, 8], 0.028511]
[[18, 15, 9], 0.022905]
[[18, 15, 10], 0.022846]
[[18, 15, 11], 0.023882]
[[18, 15, 12], 0.036242]
[[18, 15, 13], 0.050153]
[[18, 15, 14], 0.027724]
[[18, 15, 15], 0.046898]
[[18, 16, 0], 0.026193]
[[18, 16, 1], 0.024732]
[[18, 16, 2], 0.040621]
[[18, 16, 3], 0.029980]
[[18, 16, 4], 0.032490]
[[18, 16, 5], 0.037283]
[[18, 16, 6], 0.032830]
[[18, 16, 7], 0.032523]
[[18, 16, 8], 0.032935]
[[18, 16, 9], 0.023480]
[[18, 16, 10], 0.024170]
[[18, 16, 11], 0.023410]
[[18, 16, 12], 0.015854]
[[18, 16, 13], 0.025081]
[[18, 16, 14], 0.026321]
[[18, 16, 15], 0.045731]
[[18, 16, 16], 0.031685]
[[18, 17, 0], 0.024736]
[[18, 17, 1], 0.024017]
[[18, 17, 2], 0.040364]
[[18, 17, 3], 0.023636]
[[18, 17, 4], 0.032869]
[[18, 17, 5], 0.029469]
[[18, 17, 6], 0.032839]
[[18, 17, 7], 0.032487]
[[18, 17, 8], 0.030645]
[[18, 17, 9], 0.025114]
[[18, 17, 10], 0.030169]
[[18, 17, 11], 0.015691]
[[18, 17, 12], 0.024144]
[[18, 17, 13], 0.018950]
[[18, 17, 14], 0.037885]
[[18, 17, 15], 0.027564]
[[18, 17, 16], 0.031349]
[[18, 17, 17], 0.042357]
[[18, 18, 0], 0.023438]
[[18, 18, 1], 0.023404]
[[18, 18, 2], 0.032543]
[[18, 18, 3], 0.029440]
[[18, 18, 4], 0.033219]
[[18, 18, 5], 0.035550]
[[18, 18, 6], 0.032862]
[[18, 18, 7], 0.032603]
[[18, 18, 8], 0.024852]
[[18, 18, 9], 0.026214]
[[18, 18, 10], 0.035358]
[[18, 18, 11], 0.022025]
[[18, 18, 12], 0.022090]
[[18, 18, 13], 0.023655]
[[18, 18, 14], 0.024834]
[[18, 18, 15], 0.026372]
[[18, 18, 16], 0.042560]
[[18, 18, 17], 0.041456]
[[18, 18, 18], 0.040517]
[[19, 0, 0], 0.031189]
[[19, 1, 0], 0.036196]
[[19, 1, 1], 0.030646]
[[19, 2, 0], 0.018414]
[[19, 2, 1], 0.032730]
[[19, 2, 2], 0.038368]
[[19, 3, 0], 0.027925]
[[19, 3, 1], 0.022881]
[[19, 3, 2], 0.029037]
[[19, 3, 3], 0.036419]
[[19, 4, 0], 0.015165]
[[19, 4, 1], 0.035552]
[[19, 4, 2], 0.044562]
[[19, 4, 3], 0.014892]
[[19, 4, 4], 0.023863]
[[19, 5, 0], 0.046140]
[[19, 5, 1], 0.020966]
[[19, 5, 2], 0.025593]
[[19, 5, 3], 0.040894]
[[19, 5, 4], 0.025078]
[[19, 5, 5], 0.035827]
[[19, 6, 0], 0.037372]
[[19, 6, 1], 0.047456]
[[19, 6, 2], 0.044643]
[[19, 6, 3], 0.040592]
[[19, 6, 4], 0.026233]
[[19, 6, 5], 0.027961]
[[19, 6, 6], 0.029911]
[[19, 7, 0], 0.031184]
[[19, 7, 1], 0.042227]
[[19, 7, 2], 0.040260]
[[19, 7, 3], 0.037459]
[[19, 7, 4], 0.034992]
[[19, 7, 5], 0.033835]
[[19, 7, 6], 0.031017]
[[19, 7, 7], 0.029725]
[[19, 8, 0], 0.050506]
[[19, 8, 1], 0.038200]
[[19, 8, 2], 0.036764]
[[19, 8, 3], 0.034899]
[[19, 8, 4], 0.032513]
[[19, 8, 5], 0.031334]
[[19, 8, 6], 0.031087]
[[19, 8, 7], 0.030279]
[[19, 8, 8], 0.025925]
[[19, 9, 0], 0.045121]
[[19, 9, 1], 0.035021]
[[19, 9, 2], 0.033941]
[[19, 9, 3], 0.032581]
[[19, 9, 4], 0.028949]
[[19, 9, 5], 0.029374]
[[19, 9, 6], 0.031102]
[[19, 9, 7], 0.028700]
[[19, 9, 8], 0.028316]
[[19, 9, 9], 0.022229]
[[19, 10, 0], 0.040802]
[[19, 10, 1], 0.032464]
[[19, 10, 2], 0.043077]
[[19, 10, 3], 0.030602]
[[19, 10, 4], 0.029670]
[[19, 10, 5], 0.027772]
[[19, 10, 6], 0.032045]
[[19, 10, 7], 0.027701]
[[19, 10, 8], 0.033571]
[[19, 10, 9], 0.024056]
[[19, 10, 10], 0.021090]
[[19, 11, 0], 0.037260]
[[19, 11, 1], 0.030376]
[[19, 11, 2], 0.029729]
[[19, 11, 3], 0.032042]
[[19, 11, 4], 0.030321]
[[19, 11, 5], 0.029019]
[[19, 11, 6], 0.031127]
[[19, 11, 7], 0.030071]
[[19, 11, 8], 0.028116]
[[19, 11, 9], 0.026965]
[[19, 11, 10], 0.023735]
[[19, 11, 11], 0.027889]
[[19, 12, 0], 0.034300]
[[19, 12, 1], 0.028651]
[[19, 12, 2], 0.028140]
[[19, 12, 3], 0.031382]
[[19, 12, 4], 0.030909]
[[19, 12, 5], 0.029155]
[[19, 12, 6], 0.032684]
[[19, 12, 7], 0.031028]
[[19, 12, 8], 0.029711]
[[19, 12, 9], 0.029149]
[[19, 12, 10], 0.024628]
[[19, 12, 11], 0.020615]
[[19, 12, 12], 0.027336]
[[19, 13, 0], 0.031790]
[[19, 13, 1], 0.027212]
[[19, 13, 2], 0.026807]
[[19, 13, 3], 0.030841]
[[19, 13, 4], 0.026373]
[[19, 13, 5], 0.029277]
[[19, 13, 6], 0.031233]
[[19, 13, 7], 0.031912]
[[19, 13, 8], 0.033585]
[[19, 13, 9], 0.028777]
[[19, 13, 10], 0.023983]
[[19, 13, 11], 0.035415]
[[19, 13, 12], 0.016722]
[[19, 13, 13], 0.027236]
[[19, 14, 0], 0.029633]
[[19, 14, 1], 0.026003]
[[19, 14, 2], 0.025681]
[[19, 14, 3], 0.030388]
[[19, 14, 4], 0.031932]
[[19, 14, 5], 0.029386]
[[19, 14, 6], 0.030513]
[[19, 14, 7], 0.030312]
[[19, 14, 8], 0.027555]
[[19, 14, 9], 0.029546]
[[19, 14, 10], 0.024603]
[[19, 14, 11], 0.021837]
[[19, 14, 12], 0.014769]
[[19, 14, 13], 0.024723]
[[19, 14, 14], 0.049356]
[[19, 15, 0], 0.027759]
[[19, 15, 1], 0.024980]
[[19, 15, 2], 0.024724]
[[19, 15, 3], 0.030003]
[[19, 15, 4], 0.032378]
[[19, 15, 5], 0.038500]
[[19, 15, 6], 0.032877]
[[19, 15, 7], 0.030828]
[[19, 15, 8], 0.027188]
[[19, 15, 9], 0.020272]
[[19, 15, 10], 0.019298]
[[19, 15, 11], 0.025815]
[[19, 15, 12], 0.022291]
[[19, 15, 13], 0.028276]
[[19, 15, 14], 0.025988]
[[19, 15, 15], 0.027735]
[[19, 16, 0], 0.026115]
[[19, 16, 1], 0.024110]
[[19, 16, 2], 0.023907]
[[19, 16, 3], 0.029672]
[[19, 16, 4], 0.032787]
[[19, 16, 5], 0.023050]
[[19, 16, 6], 0.032562]
[[19, 16, 7], 0.029893]
[[19, 16, 8], 0.030814]
[[19, 16, 9], 0.022259]
[[19, 16, 10], 0.019949]
[[19, 16, 11], 0.037289]
[[19, 16, 12], 0.016251]
[[19, 16, 13], 0.015247]
[[19, 16, 14], 0.024725]
[[19, 16, 15], 0.045336]
[[19, 16, 16], 0.033391]
[[19, 17, 0], 0.024661]
[[19, 17, 1], 0.023366]
[[19, 17, 2], 0.033008]
[[19, 17, 3], 0.029385]
[[19, 17, 4], 0.033163]
[[19, 17, 5], 0.029654]
[[19, 17, 6], 0.033527]
[[19, 17, 7], 0.030788]
[[19, 17, 8], 0.026823]
[[19, 17, 9], 0.025782]
[[19, 17, 10], 0.022317]
[[19, 17, 11], 0.021555]
[[19, 17, 12], 0.022156]
[[19, 17, 13], 0.032996]
[[19, 17, 14], 0.045887]
[[19, 17, 15], 0.044329]
[[19, 17, 16], 0.022528]
[[19, 17, 17], 0.041907]
[[19, 18, 0], 0.023366]
[[19, 18, 1], 0.025210]
[[19, 18, 2], 0.022603]
[[19, 18, 3], 0.029133]
[[19, 18, 4], 0.033510]
[[19, 18, 5], 0.029728]
[[19, 18, 6], 0.030350]
[[19, 18, 7], 0.030450]
[[19, 18, 8], 0.026655]
[[19, 18, 9], 0.024401]
[[19, 18, 10], 0.024086]
[[19, 18, 11], 0.017879]
[[19, 18, 12], 0.021566]
[[19, 18, 13], 0.035618]
[[19, 18, 14], 0.045041]
[[19, 18, 15], 0.024636]
[[19, 18, 16], 0.042126]
[[19, 18, 17], 0.040995]
[[19, 18, 18], 0.040032]
[[19, 19, 0], 0.022204]
[[19, 19, 1], 0.022175]
[[19, 19, 2], 0.039675]
[[19, 19, 3], 0.028910]
[[19, 19, 4], 0.033831]
[[19, 19, 5], 0.029796]
[[19, 19, 6], 0.030975]
[[19, 19, 7], 0.031188]
[[19, 19, 8], 0.023990]
[[19, 19, 9], 0.024241]
[[19, 19, 10], 0.016849]
[[19, 19, 11], 0.031229]
[[19, 19, 12], 0.048521]
[[19, 19, 13], 0.021791]
[[19, 19, 14], 0.022779]
[[19, 19, 15], 0.042701]
[[19, 19, 16], 0.041349]
[[19, 19, 17], 0.040202]
[[19, 19, 18], 0.031007]
[[19, 19, 19], 0.035906]
[[20, 0, 0], 0.029631]
[[20, 1, 0], 0.048246]
[[20, 1, 1], 0.036271]
[[20, 2, 0], 0.018440]
[[20, 2, 1], 0.013591]
[[20, 2, 2], 0.026218]
[[20, 3, 0], 0.016009]
[[20, 3, 1], 0.017157]
[[20, 3, 2], 0.029077]
[[20, 3, 3], 0.036745]
[[20, 4, 0], 0.028723]
[[20, 4, 1], 0.035607]
[[20, 4, 2], 0.043187]
[[20, 4, 3], 0.039201]
[[20, 4, 4], 0.024042]
[[20, 5, 0], 0.027764]
[[20, 5, 1], 0.021019]
[[20, 5, 2], 0.049868]
[[20, 5, 3], 0.041225]
[[20, 5, 4], 0.025377]
[[20, 5, 5], 0.033867]
[[20, 6, 0], 0.037546]
[[20, 6, 1], 0.047153]
[[20, 6, 2], 0.016624]
[[20, 6, 3], 0.040116]
[[20, 6, 4], 0.028353]
[[20, 6, 5], 0.028126]
[[20, 6, 6], 0.029842]
[[20, 7, 0], 0.031372]
[[20, 7, 1], 0.041907]
[[20, 7, 2], 0.039927]
[[20, 7, 3], 0.037141]
[[20, 7, 4], 0.027545]
[[20, 7, 5], 0.028409]
[[20, 7, 6], 0.030593]
[[20, 7, 7], 0.032314]
[[20, 8, 0], 0.050405]
[[20, 8, 1], 0.037861]
[[20, 8, 2], 0.036412]
[[20, 8, 3], 0.034548]
[[20, 8, 4], 0.028442]
[[20, 8, 5], 0.028648]
[[20, 8, 6], 0.030382]
[[20, 8, 7], 0.028455]
[[20, 8, 8], 0.027177]
[[20, 9, 0], 0.045025]
[[20, 9, 1], 0.034663]
[[20, 9, 2], 0.033568]
[[20, 9, 3], 0.032205]
[[20, 9, 4], 0.030217]
[[20, 9, 5], 0.028962]
[[20, 9, 6], 0.029399]
[[20, 9, 7], 0.030952]
[[20, 9, 8], 0.026090]
[[20, 9, 9], 0.025099]
[[20, 10, 0], 0.020335]
[[20, 10, 1], 0.032084]
[[20, 10, 2], 0.031238]
[[20, 10, 3], 0.030202]
[[20, 10, 4], 0.028698]
[[20, 10, 5], 0.029030]
[[20, 10, 6], 0.029767]
[[20, 10, 7], 0.029580]
[[20, 10, 8], 0.032912]
[[20, 10, 9], 0.029049]
[[20, 10, 10], 0.027905]
[[20, 11, 0], 0.037171]
[[20, 11, 1], 0.029972]
[[20, 11, 2], 0.029309]
[[20, 11, 3], 0.028500]
[[20, 11, 4], 0.030606]
[[20, 11, 5], 0.026182]
[[20, 11, 6], 0.032045]
[[20, 11, 7], 0.028428]
[[20, 11, 8], 0.023387]
[[20, 11, 9], 0.031212]
[[20, 11, 10], 0.034011]
[[20, 11, 11], 0.016097]
[[20, 12, 0], 0.034215]
[[20, 12, 1], 0.028221]
[[20, 12, 2], 0.027696]
[[20, 12, 3], 0.031107]
[[20, 12, 4], 0.031192]
[[20, 12, 5], 0.024997]
[[20, 12, 6], 0.031319]
[[20, 12, 7], 0.027840]
[[20, 12, 8], 0.025883]
[[20, 12, 9], 0.027912]
[[20, 12, 10], 0.024429]
[[20, 12, 11], 0.025173]
[[20, 12, 12], 0.023492]
[[20, 13, 0], 0.031708]
[[20, 13, 1], 0.026756]
[[20, 13, 2], 0.028380]
[[20, 13, 3], 0.030568]
[[20, 13, 4], 0.031723]
[[20, 13, 5], 0.024108]
[[20, 13, 6], 0.031438]
[[20, 13, 7], 0.029344]
[[20, 13, 8], 0.025625]
[[20, 13, 9], 0.029033]
[[20, 13, 10], 0.023312]
[[20, 13, 11], 0.023862]
[[20, 13, 12], 0.014476]
[[20, 13, 13], 0.026035]
[[20, 14, 0], 0.029555]
[[20, 14, 1], 0.025520]
[[20, 14, 2], 0.025184]
[[20, 14, 3], 0.030116]
[[20, 14, 4], 0.032207]
[[20, 14, 5], 0.029554]
[[20, 14, 6], 0.030622]
[[20, 14, 7], 0.029953]
[[20, 14, 8], 0.027500]
[[20, 14, 9], 0.024714]
[[20, 14, 10], 0.025129]
[[20, 14, 11], 0.024145]
[[20, 14, 12], 0.032025]
[[20, 14, 13], 0.018428]
[[20, 14, 14], 0.025990]
[[20, 15, 0], 0.027684]
[[20, 15, 1], 0.024471]
[[20, 15, 2], 0.024201]
[[20, 15, 3], 0.029732]
[[20, 15, 4], 0.032650]
[[20, 15, 5], 0.029653]
[[20, 15, 6], 0.030168]
[[20, 15, 7], 0.031431]
[[20, 15, 8], 0.024979]
[[20, 15, 9], 0.024658]
[[20, 15, 10], 0.022566]
[[20, 15, 11], 0.018338]
[[20, 15, 12], 0.022523]
[[20, 15, 13], 0.018430]
[[20, 15, 14], 0.014703]
[[20, 15, 15], 0.046183]
[[20, 16, 0], 0.026043]
[[20, 16, 1], 0.023574]
[[20, 16, 2], 0.023358]
[[20, 16, 3], 0.029402]
[[20, 16, 4], 0.033056]
[[20, 16, 5], 0.023804]
[[20, 16, 6], 0.030398]
[[20, 16, 7], 0.027737]
[[20, 16, 8], 0.027326]
[[20, 16, 9], 0.022674]
[[20, 16, 10], 0.019378]
[[20, 16, 11], 0.021320]
[[20, 16, 12], 0.023681]
[[20, 16, 13], 0.018962]
[[20, 16, 14], 0.046551]
[[20, 16, 15], 0.045002]
[[20, 16, 16], 0.043697]
[[20, 17, 0], 0.024592]
[[20, 17, 1], 0.022805]
[[20, 17, 2], 0.022633]
[[20, 17, 3], 0.029116]
[[20, 17, 4], 0.027253]
[[20, 17, 5], 0.029823]
[[20, 17, 6], 0.033731]
[[20, 17, 7], 0.029052]
[[20, 17, 8], 0.028152]
[[20, 17, 9], 0.029298]
[[20, 17, 10], 0.020428]
[[20, 17, 11], 0.020771]
[[20, 17, 12], 0.013865]
[[20, 17, 13], 0.020684]
[[20, 17, 14], 0.022578]
[[20, 17, 15], 0.043990]
[[20, 17, 16], 0.025595]
[[20, 17, 17], 0.031686]
[[20, 18, 0], 0.023299]
[[20, 18, 1], 0.022143]
[[20, 18, 2], 0.022007]
[[20, 18, 3], 0.028864]
[[20, 18, 4], 0.033773]
[[20, 18, 5], 0.029897]
[[20, 18, 6], 0.032711]
[[20, 18, 7], 0.029032]
[[20, 18, 8], 0.028227]
[[20, 18, 9], 0.025157]
[[20, 18, 10], 0.022121]
[[20, 18, 11], 0.020190]
[[20, 18, 12], 0.028831]
[[20, 18, 13], 0.037170]
[[20, 18, 14], 0.021117]
[[20, 18, 15], 0.022721]
[[20, 18, 16], 0.041760]
[[20, 18, 17], 0.040609]
[[20, 18, 18], 0.039625]
[[20, 19, 0], 0.022140]
[[20, 19, 1], 0.021569]
[[20, 19, 2], 0.021463]
[[20, 19, 3], 0.028642]
[[20, 19, 4], 0.034092]
[[20, 19, 5], 0.024187]
[[20, 19, 6], 0.033970]
[[20, 19, 7], 0.028741]
[[20, 19, 8], 0.026886]
[[20, 19, 9], 0.029034]
[[20, 19, 10], 0.031312]
[[20, 19, 11], 0.021265]
[[20, 19, 12], 0.016562]
[[20, 19, 13], 0.045913]
[[20, 19, 14], 0.043977]
[[20, 19, 15], 0.036245]
[[20, 19, 16], 0.040978]
[[20, 19, 17], 0.025445]
[[20, 19, 18], 0.038809]
[[20, 19, 19], 0.037949]
[[20, 20, 0], 0.021094]
[[20, 20, 1], 0.021069]
[[20, 20, 2], 0.020988]
[[20, 20, 3], 0.028444]
[[20, 20, 4], 0.034387]
[[20, 20, 5], 0.030027]
[[20, 20, 6], 0.033196]
[[20, 20, 7], 0.031291]
[[20, 20, 8], 0.028310]
[[20, 20, 9], 0.024255]
[[20, 20, 10], 0.029278]
[[20, 20, 11], 0.023763]
[[20, 20, 12], 0.014927]
[[20, 20, 13], 0.016885]
[[20, 20, 14], 0.020053]
[[20, 20, 15], 0.021810]
[[20, 20, 16], 0.040292]
[[20, 20, 17], 0.039107]
[[20, 20, 18], 0.038093]
[[20, 20, 19], 0.037220]
[[20, 20, 20], 0.023378]
