[[1, 1, 0, 0], 0.4218749999999997]
[[1, 1, 0, 0], 0.34656781078956556]
[[2, 1, 0, 0], 0.25973372775248116]
[[2, 1, 0, 0], 0.22581734354025684]
[[2, 2, 0, 0], 0.2109375000854925]
[[2, 2, 0, 0], 0.17328390539478278]
[[3, 1, 0, 0], 0.1823313130299442]
[[3, 1, 0, 0], 0.16504114410054171]
[[3, 2, 0, 0], 0.1630154247785912]
[[3, 2, 0, 0], 0.13745364168426022]
[[4, 1, 0, 0], 0.1398933078195999]
[[4, 1, 0, 0], 0.12958036807685858]
[[3, 3, 0, 0], 0.14062499999999997]
[[3, 3, 0, 0], 0.11552260363532696]
[[4, 2, 0, 0], 0.12986686387623475]
[[4, 2, 0, 0], 0.1129086717910468]
[[5, 1, 0, 0], 0.11334734108363999]
[[5, 1, 0, 0], 0.10653157897286292]
[[4, 3, 0, 0], 0.11823081912327658]
[[4, 3, 0, 0], 0.20003078124170642]
[[5, 2, 0, 0], 0.10727119390601739]
[[5, 2, 0, 0], 0.09544856513684863]
[[6, 1, 0, 0], 0.09522560865214286]
[[6, 1, 0, 0], 0.0903959435595425]
[[4, 4, 0, 0], 0.10546875261394284]
[[4, 4, 0, 0], 0.08664195278379339]
[[5, 3, 0, 0], 0.10030608411322971]
[[5, 3, 0, 0], 0.21209369235476466]
[[6, 2, 0, 0], 0.0911656565149744]
[[6, 2, 0, 0], 0.08252057211268493]
[[7, 1, 0, 0], 0.0820820772732746]
[[7, 1, 0, 0], 0.07848436265055625]
[[5, 4, 0, 0], 0.09260140678119723]
[[5, 4, 0, 0], 0.0768106571097178]
[[6, 3, 0, 0], 0.0865779092508227]
[[6, 3, 0, 0], 0.07527244786979281]
[[7, 2, 0, 0], 0.07918289332943051]
[[7, 2, 0, 0], 0.07260983822629896]
[[8, 1, 0, 0], 0.07211856578689581]
[[8, 1, 0, 0], 0.06933717519939364]
[[5, 5, 0, 0], 0.08437499999999964]
[[5, 5, 0, 0], 0.8814784670059416]
[[6, 4, 0, 0], 0.0815077123892965]
[[6, 4, 0, 0], 0.06872682086907389]
[[7, 3, 0, 0], 0.07594898116180379]
[[7, 3, 0, 0], 0.06711064684543544]
[[8, 2, 0, 0], 0.06994665390979993]
[[8, 2, 0, 0], 0.06479018406662362]
[[9, 1, 0, 0], 0.06430782815972207]
[[9, 1, 0, 0], 0.062092623012063086]
[[6, 5, 0, 0], 0.07605107492150559]
[[6, 5, 0, 0], 0.06290010592840645]
[[7, 4, 0, 0], 0.07239373714334607]
[[7, 4, 0, 0], 0.06203908188388141]
[[8, 3, 0, 0], 0.06755056914119591]
[[8, 3, 0, 0], 0.060484316095198665]
[[9, 2, 0, 0], 0.06262092894841606]
[[9, 2, 0, 0], 0.05847216401991773]
[[10, 1, 0, 0], 0.0580212658477725]
[[10, 1, 0, 0], 0.05621617877687868]
[[6, 6, 0, 0], 0.0703125000619198]
[[6, 6, 0, 0], 0.05776130179901884]
[[7, 5, 0, 0], 0.068556951823457]
[[7, 5, 0, 0], 0.05741939881374947]
[[8, 4, 0, 0], 0.06493343193811596]
[[8, 4, 0, 0], 0.05645435093330775]
[[9, 3, 0, 0], 0.060777104343317304]
[[9, 3, 0, 0], 0.05501371475105543]
[[10, 2, 0, 0], 0.056673670541831554]
[[10, 2, 0, 0], 0.05326578952337968]
[[11, 1, 0, 0], 0.05285296009952084]
[[11, 1, 0, 0], 0.051354095130527355]
[[7, 6, 0, 0], 0.06449707664955413]
[[7, 6, 0, 0], 0.053250043796381874]
[[8, 5, 0, 0], 0.06211190739857667]
[[8, 5, 0, 0], 0.05272165217083824]
[[9, 4, 0, 0], 0.0587761369168924]
[[9, 4, 0, 0], 0.051741928450496744]
[[10, 3, 0, 0], 0.055212182852026934]
[[10, 3, 0, 0], 0.05042936533396869]
[[11, 2, 0, 0], 0.051751880426507094]
[[11, 2, 0, 0], 0.04890394999364389]
[[12, 1, 0, 0], 0.048529215052345004]
[[12, 1, 0, 0], 0.04726462318367908]
[[7, 7, 0, 0], 0.060267857142855666]
[[7, 7, 0, 0], 0.04950968728132921]
[[8, 6, 0, 0], 0.05911540956166839]
[[8, 6, 0, 0], 0.0492934695436702]
[[9, 5, 0, 0], 0.056625030152900616]
[[9, 5, 0, 0], 0.04867370648506153]
[[10, 4, 0, 0], 0.05363559695300429]
[[10, 4, 0, 0], 0.0477242825918438]
[[11, 3, 0, 0], 0.05056563700855487]
[[11, 3, 0, 0], 0.046536883161675036]
[[12, 2, 0, 0], 0.04761280432607654]
[[12, 2, 0, 0], 0.04519797186787855]
[[13, 1, 0, 0], 0.04485883039871258]
[[13, 1, 0, 0], 0.04377772846339667]
[[8, 7, 0, 0], 0.05597976453134185]
[[8, 7, 0, 0], 0.0461646850930606]
[[9, 6, 0, 0], 0.05433847492619832]
[[9, 6, 0, 0], 0.04581788055679681]
[[10, 5, 0, 0], 0.0519467455504914]
[[10, 5, 0, 0], 0.04516347063956161]
[[11, 4, 0, 0], 0.04929285011107154]
[[11, 4, 0, 0], 0.044265307384023345]
[[12, 3, 0, 0], 0.04663110260653324]
[[12, 3, 0, 0], 0.04319345631132876]
[[13, 2, 0, 0], 0.04408429996369692]
[[13, 2, 0, 0], 0.04201119288075006]
[[14, 1, 0, 0], 0.041704224742183604]
[[14, 1, 0, 0], 0.040769430411231156]
[[8, 8, 0, 0], 0.05273437505390346]
[[8, 8, 0, 0], 0.04332097636353183]
[[9, 7, 0, 0], 0.0519372215969868]
[[9, 7, 0, 0], 0.043175728226827914]
[[10, 6, 0, 0], 0.05015304205661428]
[[10, 6, 0, 0], 0.04275510591067189]
[[11, 5, 0, 0], 0.04793450642580163]
[[11, 5, 0, 0], 0.04209905188599805]
[[12, 4, 0, 0], 0.0455828282574038]
[[12, 4, 0, 0], 0.04126028600740028]
[[13, 3, 0, 0], 0.04325864509438614]
[[13, 3, 0, 0], 0.04029232037268571]
[[14, 2, 0, 0], 0.04104103863662665]
[[14, 2, 0, 0], 0.03924218128676671]
[[15, 1, 0, 0], 0.03896388514884592]
[[15, 1, 0, 0], 0.03814759395879719]
[[9, 8, 0, 0], 0.04944374706050625]
[[9, 8, 0, 0], 0.0407422114749636]
[[10, 7, 0, 0], 0.048266190387262556]
[[10, 7, 0, 0], 0.04050262850358877]
[[11, 6, 0, 0], 0.046494372404255864]
[[11, 6, 0, 0], 0.04004503669807491]
[[12, 5, 0, 0], 0.04446814622425816]
[[12, 5, 0, 0], 0.039405985007718414]
[[13, 4, 0, 0], 0.04238075699547078]
[[13, 4, 0, 0], 0.03862802049441427]
[[14, 3, 0, 0], 0.04033708998407126]
[[14, 3, 0, 0], 0.03775225589802744]
[[15, 2, 0, 0], 0.0383896728056002]
[[15, 2, 0, 0], 0.036814211649655704]
[[16, 1, 0, 0], 0.03656128194507241]
[[16, 1, 0, 0], 0.0358423285788696]
[[9, 9, 0, 0], 0.04687499999999899]
[[9, 9, 0, 0], 0.03850753487353131]
[[10, 8, 0, 0], 0.04630070339059551]
[[10, 8, 0, 0], 0.03840532861458712]
[[11, 7, 0, 0], 0.044979060120349836]
[[11, 7, 0, 0], 0.038107208946982496]
[[12, 6, 0, 0], 0.04328895462541744]
[[12, 6, 0, 0], 0.03763622399429778]
[[13, 5, 0, 0], 0.041450445000742187]
[[13, 5, 0, 0], 0.03702409860864009]
[[14, 4, 0, 0], 0.03959144666471373]
[[14, 4, 0, 0], 0.03630492769629967]
[[15, 3, 0, 0], 0.037782447027886586]
[[15, 3, 0, 0], 0.35281682421404703]
[[16, 2, 0, 0], 0.03605928289346107]
[[16, 2, 0, 0], 0.034668124911419795]
[[17, 1, 0, 0], 0.03443763264616978]
[[17, 1, 0, 0], 0.033799599026004046]
[[10, 9, 0, 0], 0.044271070943320764]
[[10, 9, 0, 0], 0.03645897674814336]
[[11, 8, 0, 0], 0.043397552217309926]
[[11, 8, 0, 0], 0.0362867009318677]
[[12, 7, 0, 0], 0.04204901951809007]
[[12, 7, 0, 0], 0.03595474895750783]
[[13, 6, 0, 0], 0.040468630576437216]
[[13, 6, 0, 0], 0.03548515176723299]
[[14, 5, 0, 0], 0.03880377889293299]
[[14, 5, 0, 0], 0.03490470344237906]
[[15, 4, 0, 0], 0.03714143296285943]
[[15, 4, 0, 0], 0.03424067851432255]
[[16, 3, 0, 0], 0.0355301786380415]
[[16, 3, 0, 0], 0.033517973222423336]
[[17, 2, 0, 0], 0.033995043343074405]
[[17, 2, 0, 0], 0.03275772631275231]
[[18, 1, 0, 0], 0.032547041883343945]
[[18, 1, 0, 0], 0.03197700362160916]
[[10, 10, 0, 0], 0.04218750003020698]
[[10, 10, 0, 0], 0.034656781096984446]
[[11, 9, 0, 0], 0.04176005884286823]
[[11, 9, 0, 0], 0.03458217155739618]
[[12, 8, 0, 0], 0.040753856194649905]
[[12, 8, 0, 0], 0.03436341051560987]
[[13, 7, 0, 0], 0.039437472278619136]
[[13, 7, 0, 0], 0.034014499697690326]
[[14, 6, 0, 0], 0.0379744905808928]
[[14, 6, 0, 0], 0.03355532342801837]
[[15, 5, 0, 0], 0.03646626260598489]
[[15, 5, 0, 0], 0.03300822886892618]
[[16, 4, 0, 0], 0.034973326954897146]
[[16, 4, 0, 0], 0.03239509204608737]
[[17, 3, 0, 0], 0.03352993056706943]
[[17, 3, 0, 0], 0.03173557335242094]
[[18, 2, 0, 0], 0.03215391407986041]
[[18, 2, 0, 0], 0.031046311535973814]
[[19, 1, 0, 0], 0.030853154796412947]
[[19, 1, 0, 0], 0.030340798837613647]
[[11, 10, 0, 0], 0.04007617347257063]
[[11, 10, 0, 0], 0.03299316786494444]
[[12, 9, 0, 0], 0.03941027304111215]
[[12, 9, 0, 0], 0.032862494153427235]
[[13, 8, 0, 0], 0.038360367966805996]
[[13, 8, 0, 0], 0.03261414145683261]
[[14, 7, 0, 0], 0.037104818250384336]
[[14, 7, 0, 0], 0.03225962094395385]
[[15, 6, 0, 0], 0.03575706463533694]
[[15, 6, 0, 0], 0.0318162209528019]
[[16, 5, 0, 0], 0.03438836759507039]
[[16, 5, 0, 0], 0.0313023359086273]
[[17, 4, 0, 0], 0.03304176135327535]
[[17, 4, 0, 0], 0.030735706999610812]
[[18, 3, 0, 0], 0.031741869550726255]
[[18, 3, 0, 0], 0.030131986585221426]
[[19, 2, 0, 0], 0.03050164224517205]
[[19, 2, 0, 0], 0.029504412431959892]
[[20, 1, 0, 0], 0.029326801399220337]
[[20, 1, 0, 0], 0.02886379889857693]
[[11, 11, 0, 0], 0.038352272727274254]
[[11, 11, 0, 0], 0.031506164638059886]
[[12, 10, 0, 0], 0.03802553746070022]
[[12, 10, 0, 0], 0.0314500528034003]
[[13, 9, 0, 0], 0.037241783330665336]
[[13, 9, 0, 0], 0.03128489568365467]
[[14, 8, 0, 0], 0.03619686857133604]
[[14, 8, 0, 0], 0.031021563181534262]
[[15, 7, 0, 0], 0.03501453860893305]
[[15, 7, 0, 0], 0.030666961773249568]
[[16, 6, 0, 0], 0.03377528457059934]
[[16, 6, 0, 0], 0.030242159974932292]
[[17, 5, 0, 0], 0.032530202680304814]
[[17, 5, 0, 0], 0.029760428129218752]
[[18, 4, 0, 0], 0.031310464474225856]
[[18, 4, 0, 0], 0.02923608262965871]
[[19, 3, 0, 0], 0.030134090370336493]
[[19, 3, 0, 0], 0.028681744428979528]
[[20, 2, 0, 0], 0.029010632923971314]
[[20, 2, 0, 0], 0.028108089408402037]
[[21, 1, 0, 0], 0.027944305804325335]
[[21, 1, 0, 0], 0.02752385811076863]
[[12, 11, 0, 0], 0.03660616023484165]
[[12, 11, 0, 0], 0.030124407970632205]
[[13, 10, 0, 0], 0.036086872408302315]
[[13, 10, 0, 0], 0.03002639995681733]
[[14, 9, 0, 0], 0.035253564545077415]
[[14, 9, 0, 0], 0.029836155162428213]
[[15, 8, 0, 0], 0.03423999755363531]
[[15, 8, 0, 0], 0.029563738257792238]
[[16, 7, 0, 0], 0.0331344607879582]
[[16, 7, 0, 0], 0.02921657947029388]
[[17, 6, 0, 0], 0.03199516531126933]
[[17, 6, 0, 0], 0.02881174909586548]
[[18, 5, 0, 0], 0.03085939971816927]
[[18, 5, 0, 0], 0.028360502782287966]
[[19, 4, 0, 0], 0.029750127885258937]
[[19, 4, 0, 0], 0.02787448214894539]
[[20, 3, 0, 0], 0.028680748282181784]
[[20, 3, 0, 0], 0.027364056111309765]
[[21, 2, 0, 0], 0.02765840920802688]
[[21, 2, 0, 0], 0.02683769917369716]
[[22, 1, 0, 0], 0.026686251285699167]
[[22, 1, 0, 0], 0.026302749833469363]
[[12, 12, 0, 0], 0.03515625000415193]
[[12, 12, 0, 0], 0.028880757386847478]
[[13, 11, 0, 0], 0.03490087971429694]
[[13, 11, 0, 0], 0.028837398770150457]
[[14, 10, 0, 0], 0.03427847591172808]
[[14, 10, 0, 0], 0.028709699634845265]
[[15, 9, 0, 0], 0.033435361371077575]
[[15, 9, 0, 0], 0.028503394600875254]
[[16, 8, 0, 0], 0.03246671596903274]
[[16, 8, 0, 0], 0.0282271679533892]
[[17, 7, 0, 0], 0.0314368438772823]
[[17, 7, 0, 0], 0.02789136509036183]
[[18, 6, 0, 0], 0.030388552171659738]
[[18, 6, 0, 0], 0.027506857783183847]
[[19, 5, 0, 0], 0.029349490132227752]
[[19, 5, 0, 0], 0.027084165865211673]
[[20, 4, 0, 0], 0.028336835270906986]
[[20, 4, 0, 0], 0.02663290031981269]
[[21, 3, 0, 0], 0.027360692424413156]
[[21, 3, 0, 0], 0.02616145445445195]
[[22, 2, 0, 0], 0.026426480049751684]
[[22, 2, 0, 0], 0.02567697253125445]
[[23, 1, 0, 0], 0.025536564018503065]
[[23, 1, 0, 0], 0.025185346811149145]
[[13, 12, 0, 0], 0.033688324151986214]
[[13, 12, 0, 0], 0.02771582809841533]
[[14, 11, 0, 0], 0.033275520916646296]
[[14, 11, 0, 0], 0.027639693405596688]
[[15, 10, 0, 0], 0.032603084955723054]
[[15, 10, 0, 0], 0.027490728394905517]
[[16, 9, 0, 0], 0.03177331747013332]
[[16, 9, 0, 0], 0.02727503139037779]
[[17, 8, 0, 0], 0.03085574792440119]
[[17, 8, 0, 0], 0.027000646832172848]
[[18, 7, 0, 0], 0.02989800425593619]
[[18, 7, 0, 0], 0.026676621609311724]
[[19, 6, 0, 0], 0.028932041806397073]
[[19, 6, 0, 0], 0.026312223094546283]
[[20, 5, 0, 0], 0.02797866156393146]
[[20, 5, 0, 0], 0.02592884838210452]
[[21, 4, 0, 0], 0.027050891526213122]
[[21, 4, 0, 0], 0.0254962754587984]
[[22, 3, 0, 0], 0.026156451130001344]
[[22, 3, 0, 0], 0.02505976994864767]
[[23, 2, 0, 0], 0.02529949545663536]
[[23, 2, 0, 0], 0.024612321944172066]
[[24, 1, 0, 0], 0.02448182352987941]
[[24, 1, 0, 0], 0.02415918018690899]
[[13, 13, 0, 0], 0.03245192307692561]
[[13, 13, 0, 0], 0.026659062502158548]
[[14, 12, 0, 0], 0.032248538324773084]
[[14, 12, 0, 0], 0.026625022802733156]
[[15, 11, 0, 0], 0.03174600988624871]
[[15, 11, 0, 0], 0.026524296325113994]
[[16, 10, 0, 0], 0.031055953699291067]
[[16, 10, 0, 0], 0.0263608257438257]
[[17, 9, 0, 0], 0.030252717687795135]
[[17, 9, 0, 0], 0.026141031536948578]
[[18, 8, 0, 0], 0.02938806845844976]
[[18, 8, 0, 0], 0.02587096450176407]
[[19, 7, 0, 0], 0.028497798834888254]
[[19, 7, 0, 0], 0.02555971184553485]
[[20, 6, 0, 0], 0.02760609142601812]
[[20, 6, 0, 0], 0.02521468270445837]
[[21, 5, 0, 0], 0.026728803314800643]
[[21, 5, 0, 0], 0.024843225647275702]
[[22, 4, 0, 0], 0.02587594021329943]
[[22, 4, 0, 0], 0.024454831021914814]
[[23, 3, 0, 0], 0.025053468354021814]
[[23, 3, 0, 0], 0.024046684098237847]
[[24, 2, 0, 0], 0.024264607526154065]
[[24, 2, 0, 0], 0.02363231326468629]
[[25, 1, 0, 0], 0.02351073703032134]
[[25, 1, 0, 0], 0.02321296380868887]
[[14, 13, 0, 0], 0.031200728388134136]
[[14, 13, 0, 0], 0.025664070354235236]
[[15, 12, 0, 0], 0.03086713559376056]
[[15, 12, 0, 0], 0.0256035698022532]
[[16, 11, 0, 0], 0.030316661788997622]
[[16, 11, 0, 0], 0.02548478042121971]
[[17, 10, 0, 0], 0.029628918071540278]
[[17, 10, 0, 0], 0.02531200206656692]
[[18, 9, 0, 0], 0.028859303083618056]
[[18, 9, 0, 0], 0.025092324503701136]
[[19, 8, 0, 0], 0.028046947476514775]
[[19, 8, 0, 0], 0.024827804564800715]
[[20, 7, 0, 0], 0.027219102074458622]
[[20, 7, 0, 0], 0.02452974455148116]
[[21, 6, 0, 0], 0.026394297776485443]
[[21, 6, 0, 0], 0.024203328712859573]
[[22, 5, 0, 0], 0.025584769780324635]
[[22, 5, 0, 0], 0.023854595463124184]
[[23, 4, 0, 0], 0.02479829106238324]
[[23, 4, 0, 0], 0.023489246670237662]
[[24, 3, 0, 0], 0.024039521928990636]
[[24, 3, 0, 0], 0.023112083288738816]
[[25, 2, 0, 0], 0.023310981169647044]
[[25, 2, 0, 0], 0.02272724882764443]
[[26, 1, 0, 0], 0.022613733924991077]
[[26, 1, 0, 0], 0.022338228880967925]
[[14, 14, 0, 0], 0.030133928594977946]
[[14, 14, 0, 0], 0.02475484367488434]
[[15, 13, 0, 0], 0.029969311002333555]
[[15, 13, 0, 0], 0.024727575952802283]
[[16, 12, 0, 0], 0.0295577047808415]
[[16, 12, 0, 0], 0.024646734807664217]
[[17, 11, 0, 0], 0.028985804975869275]
[[17, 11, 0, 0], 0.02451508372519129]
[[18, 10, 0, 0], 0.02831251507645144]
[[18, 10, 0, 0], 0.024336853414181014]
[[19, 9, 0, 0], 0.027579858278993466]
[[19, 9, 0, 0], 0.024117282180291966]
[[20, 8, 0, 0], 0.026817798476507077]
[[20, 8, 0, 0], 0.023862141280098115]
[[21, 7, 0, 0], 0.026047330432856744]
[[21, 7, 0, 0], 0.02357730635013411]
[[22, 6, 0, 0], 0.025282818504315067]
[[22, 6, 0, 0], 0.02326848015027161]
[[23, 5, 0, 0], 0.024533808432514893]
[[23, 5, 0, 0], 0.0229407696316013]
[[24, 4, 0, 0], 0.023806402163006495]
[[24, 4, 0, 0], 0.02260451216949702]
[[25, 3, 0, 0], 0.02310427526977726]
[[25, 3, 0, 0], 0.022247181700130625]
[[26, 2, 0, 0], 0.02242941519936443]
[[26, 2, 0, 0], 0.021888864498862404]
[[27, 1, 0, 0], 0.021782649633331583]
[[27, 1, 0, 0], 0.021526991168704157]
[[15, 14, 0, 0], 0.02905484377079162]
[[15, 14, 0, 0], 0.023899046845409444]
[[16, 13, 0, 0], 0.028781397532185303]
[[16, 13, 0, 0], 0.023846186156049498]
[[17, 12, 0, 0], 0.028325059823863352]
[[17, 12, 0, 0], 0.02374999384194254]
[[18, 11, 0, 0], 0.02774874593248245]
[[18, 11, 0, 0], 0.02360949898094944]
[[19, 10, 0, 0], 0.0270970922285816]
[[19, 10, 0, 0], 0.023428780743373068]
[[20, 9, 0, 0], 0.026402425082312848]
[[20, 9, 0, 0], 0.023212609428508557]
[[21, 8, 0, 0], 0.025687953809432607]
[[21, 8, 0, 0], 0.022966068781034465]
[[22, 7, 0, 0], 0.024970030662605083]
[[22, 7, 0, 0], 0.022694282162809998]
[[23, 6, 0, 0], 0.024259908988510083]
[[23, 6, 0, 0], 0.02240195426671754]
[[24, 5, 0, 0], 0.02356511244190405]
[[24, 5, 0, 0], 0.02209367331779255]
[[25, 4, 0, 0], 0.022890477311582405]
[[25, 4, 0, 0], 0.021773352060712625]
[[26, 3, 0, 0], 0.022238928261157396]
[[26, 3, 0, 0], 0.02144448708590474]
[[27, 2, 0, 0], 0.021612045820303943]
[[27, 2, 0, 0], 0.021110060248876295]
[[28, 1, 0, 0], 0.02101047658681755]
[[28, 1, 0, 0], 0.020772601813369818]
[[15, 15, 0, 0], 0.028125000000001017]
[[15, 15, 0, 0], 0.023104520735891754]
[[16, 14, 0, 0], 0.02798988226572273]
[[16, 14, 0, 0], 0.02308234257373698]
[[17, 13, 0, 0], 0.027648490499025548]
[[17, 13, 0, 0], 0.023016620172892743]
[[18, 12, 0, 0], 0.02716923746310126]
[[18, 12, 0, 0], 0.02290894032431723]
[[19, 11, 0, 0], 0.026599396427624447]
[[19, 11, 0, 0], 0.02276274253384969]
[[20, 10, 0, 0], 0.02597337277524988]
[[20, 10, 0, 0], 0.02310182720952529]
[[21, 9, 0, 0], 0.025316327053915542]
[[21, 9, 0, 0], 0.022370215780342484]
[[22, 8, 0, 0], 0.02464642505554441]
[[22, 8, 0, 0], 0.02213265269240594]
[[23, 7, 0, 0], 0.023976532168150468]
[[23, 7, 0, 0], 0.021873440029962055]
[[24, 6, 0, 0], 0.023315551303270524]
[[24, 6, 0, 0], 0.021596728075728322]
[[25, 5, 0, 0], 0.022669468216718273]
[[25, 5, 0, 0], 0.02130631583760767]
[[26, 4, 0, 0], 0.022042149981859042]
[[26, 4, 0, 0], 0.021005596393399273]
[[27, 3, 0, 0], 0.023215174286021878]
[[27, 3, 0, 0], 0.02069754101582255]
[[28, 2, 0, 0], 0.0208521123710771]
[[28, 2, 0, 0], 0.02038471073641901]
[[29, 1, 0, 0], 0.020291166324466554]
[[29, 1, 0, 0], 0.02007129803957447]
[[16, 15, 0, 0], 0.02718485010464429]
[[16, 15, 0, 0], 0.02235417856873312]
[[17, 14, 0, 0], 0.02695789895722505]
[[17, 14, 0, 0], 0.022314117330743954]
[[18, 13, 0, 0], 0.0265753754661194]
[[18, 13, 0, 0], 0.022235143990433137]
[[19, 12, 0, 0], 0.02608768690673302]
[[19, 12, 0, 0], 0.02211942161931013]
[[20, 11, 0, 0], 0.02553117923697561]
[[20, 11, 0, 0], 0.021969977456711476]
[[21, 10, 0, 0], 0.024932722577158558]
[[21, 10, 0, 0], 0.02179027963472535]
[[22, 9, 0, 0], 0.024312102794774082]
[[22, 9, 0, 0], 0.021584280523713417]
[[23, 8, 0, 0], 0.023683675292793995]
[[23, 8, 0, 0], 0.021355811962568527]
[[24, 7, 0, 0], 0.02305765722986206]
[[24, 7, 0, 0], 0.0211144392862046]
[[25, 6, 0, 0], 0.02244115616151466]
[[25, 6, 0, 0], 0.020846590909821217]
[[26, 5, 0, 0], 0.021838975686463705]
[[26, 5, 0, 0], 0.02057267125518969]
[[27, 4, 0, 0], 0.021254233104814207]
[[27, 4, 0, 0], 0.020289873475704212]
[[28, 3, 0, 0], 0.020688824540231982]
[[28, 3, 0, 0], 0.020000746909724754]
[[29, 2, 0, 0], 0.02014377059595728]
[[29, 2, 0, 0], 0.01970750095071594]
[[30, 1, 0, 0], 0.019619470858866724]
[[30, 1, 0, 0], 0.01941201845995888]
[[16, 16, 0, 0], 0.026367187514139172]
[[16, 16, 0, 0], 0.021660488198563144]
[[17, 15, 0, 0], 0.02625491590055575]
[[17, 15, 0, 0], 0.021642208176736233]
[[18, 14, 0, 0], 0.025968610798494392]
[[18, 14, 0, 0], 0.021587864145448776]
[[19, 13, 0, 0], 0.02556301685887468]
[[19, 13, 0, 0], 0.021498901936940484]
[[20, 12, 0, 0], 0.025076521028299055]
[[20, 12, 0, 0], 0.021377545876330117]
[[21, 11, 0, 0], 0.02453752850104661]
[[21, 11, 0, 0], 0.021226673252744632]
[[22, 10, 0, 0], 0.02396725321290839]
[[22, 10, 0, 0], 0.021049526005352703]
[[23, 9, 0, 0], 0.023381399841770355]
[[23, 9, 0, 0], 0.02084953589823102]
[[24, 8, 0, 0], 0.022791414128758288]
[[24, 8, 0, 0], 0.020630189048630676]
[[25, 7, 0, 0], 0.022205480979264128]
[[25, 7, 0, 0], 0.020394655189226896]
[[26, 6, 0, 0], 0.021629322547191163]
[[26, 6, 0, 0], 0.020146160790998735]
[[27, 5, 0, 0], 0.021066824721432374]
[[27, 5, 0, 0], 0.01988746897164617]
[[28, 4, 0, 0], 0.02052051931830652]
[[28, 4, 0, 0], 0.01962109071378837]
[[29, 3, 0, 0], 0.019991949359069734]
[[29, 3, 0, 0], 0.019349229721190575]
[[30, 2, 0, 0], 0.01948194257426484]
[[30, 2, 0, 0], 0.019073797011019522]
[[31, 1, 0, 0], 0.018990814515888802]
[[31, 1, 0, 0], 0.0187964345776237]
[[17, 16, 0, 0], 0.02554079871692668]
[[17, 16, 0, 0], 0.020999935548800863]
[[18, 15, 0, 0], 0.025350358307137513]
[[18, 15, 0, 0], 0.020966701833152968]
[[19, 14, 0, 0], 0.025026529455872925]
[[19, 14, 0, 0], 0.020901076020638953]
[[20, 13, 0, 0], 0.024610196005328922]
[[20, 13, 0, 0], 0.020804663292974368]
[[21, 12, 0, 0], 0.02413124571462294]
[[21, 12, 0, 0], 0.020679694057706755]
[[22, 11, 0, 0], 0.023612157068403476]
[[22, 11, 0, 0], 0.020528850934462106]
[[23, 10, 0, 0], 0.023069836526349072]
[[23, 10, 0, 0], 0.020355080012677718]
[[24, 9, 0, 0], 0.022516856380398145]
[[24, 9, 0, 0], 0.020161438727981817]
[[25, 8, 0, 0], 0.02196241849489556]
[[25, 8, 0, 0], 0.01995094445827217]
[[26, 7, 0, 0], 0.021413133060362258]
[[26, 7, 0, 0], 0.0197264792982903]
[[27, 6, 0, 0], 0.020873642982775924]
[[27, 6, 0, 0], 0.019490722987547393]
[[28, 5, 0, 0], 0.020347115177340277]
[[28, 5, 0, 0], 0.019246109013417945]
[[29, 4, 0, 0], 0.019835620271028528]
[[29, 4, 0, 0], 0.018994801590576316]
[[30, 3, 0, 0], 0.019340421949250647]
[[30, 3, 0, 0], 0.018738726239067915]
[[31, 2, 0, 0], 0.01886219518506741]
[[31, 2, 0, 0], 0.018479541184849957]
[[32, 1, 0, 0], 0.018401189627557983]
[[32, 1, 0, 0], 0.018218676608751316]
[[17, 17, 0, 0], 0.02481617647059406]
[[17, 17, 0, 0], 0.02039980967496513]
[[18, 16, 0, 0], 0.024721873530251966]
[[18, 16, 0, 0], 0.020371098498253026]
[[19, 15, 0, 0], 0.02447939525197821]
[[19, 15, 0, 0], 0.02032573242753788]
[[20, 14, 0, 0], 0.024133095193689665]
[[20, 14, 0, 0], 0.020251314375951956]
[[21, 13, 0, 0], 0.023714478481061882]
[[21, 13, 0, 0], 0.02014952338009479]
[[22, 12, 0, 0], 0.023247186202126856]
[[22, 12, 0, 0], 0.020022518433000513]
[[23, 11, 0, 0], 0.022749188596926786]
[[23, 11, 0, 0], 0.01987588037934529]
[[24, 10, 0, 0], 0.02223407311206513]
[[24, 10, 0, 0], 0.01970853509983095]
[[25, 9, 0, 0], 0.02171198459306877]
[[25, 9, 0, 0], 0.01951584924640759]
[[26, 8, 0, 0], 0.02119037849774466]
[[26, 8, 0, 0], 0.01931400997333732]
[[27, 7, 0, 0], 0.020674633736641464]
[[27, 7, 0, 0], 0.019099992586195214]
[[28, 6, 0, 0], 0.020168544992046147]
[[28, 6, 0, 0], 0.01887612843427533]
[[29, 5, 0, 0], 0.019674711082326875]
[[29, 5, 0, 0], 0.018644535676232366]
[[30, 4, 0, 0], 0.019194836402747866]
[[30, 4, 0, 0], 0.01840709759725101]
[[31, 3, 0, 0], 0.018729961982365834]
[[31, 3, 0, 0], 0.018165490288915898]
[[32, 2, 0, 0], 0.018280640972844223]
[[32, 2, 0, 0], 0.017921214742870006]
[[33, 1, 0, 0], 0.017847071059689]
[[33, 1, 0, 0], 0.01767537431768318]
[[18, 17, 0, 0], 0.02408410360933394]
[[18, 17, 0, 0], 0.019800375950318028]
[[19, 16, 0, 0], 0.023922734534449673]
[[19, 16, 0, 0], 0.019772503646796835]
[[20, 15, 0, 0], 0.02364616382475302]
[[20, 15, 0, 0], 0.0197173925013594]
[[21, 14, 0, 0], 0.02328791782551009]
[[21, 14, 0, 0], 0.019636234582405265]
[[22, 13, 0, 0], 0.022872798862594485]
[[22, 13, 0, 0], 0.019530732951851704]
[[23, 12, 0, 0], 0.022419732790703674]
[[23, 12, 0, 0], 0.01940293544347238]
[[24, 11, 0, 0], 0.021943211304553168]
[[24, 11, 0, 0], 0.01925512864981549]
[[25, 10, 0, 0], 0.0214542387812017]
[[25, 10, 0, 0], 0.01908971304927576]
[[26, 9, 0, 0], 0.020961062193618932]
[[26, 9, 0, 0], 0.018909097666817587]
[[27, 8, 0, 0], 0.020469766031168266]
[[27, 8, 0, 0], 0.018715618631308217]
[[28, 7, 0, 0], 0.01998475825993645]
[[28, 7, 0, 0], 0.01851148243214107]
[[29, 6, 0, 0], 0.019509161374340816]
[[29, 6, 0, 0], 0.018298722085937857]
[[30, 5, 0, 0], 0.01904512173045319]
[[30, 5, 0, 0], 0.018079188829048576]
[[31, 4, 0, 0], 0.018594050699260654]
[[31, 4, 0, 0], 0.01785453395198644]
[[32, 3, 0, 0], 0.018156810578401888]
[[32, 3, 0, 0], 0.01762621890209104]
[[33, 2, 0, 0], 0.017733856746726437]
[[33, 2, 0, 0], 0.017396715990639855]
[[34, 1, 0, 0], 0.017325345719958044]
[[34, 1, 0, 0], 0.01716353147002181]
[[18, 18, 0, 0], 0.023437500034490428]
[[18, 18, 0, 0], 0.01925376728637218]
[[19, 17, 0, 0], 0.023357524224899204]
[[19, 17, 0, 0], 0.019240922720674902]
[[20, 16, 0, 0], 0.02315035169529758]
[[20, 16, 0, 0], 0.019202664765321842]
[[21, 15, 0, 0], 0.022852317274491364]
[[21, 15, 0, 0], 0.01913979997502846]
[[22, 14, 0, 0], 0.022489530060168385]
[[22, 14, 0, 0], 0.019053604690945303]
[[23, 13, 0, 0], 0.02208181734445364]
[[23, 13, 0, 0], 0.018945756602020247]
[[24, 12, 0, 0], 0.02164447731270481]
[[24, 12, 0, 0], 0.018818112018177402]
[[25, 11, 0, 0], 0.02118928697309851]
[[25, 11, 0, 0], 0.018672831837850623]
[[26, 10, 0, 0], 0.02072522250036374]
[[26, 10, 0, 0], 0.018512049380067452]
[[27, 9, 0, 0], 0.020259034781097814]
[[27, 9, 0, 0], 0.018337905309000924]
[[28, 8, 0, 0], 0.019795723332350385]
[[28, 8, 0, 0], 0.018152459647140518]
[[29, 7, 0, 0], 0.019338924352691234]
[[29, 7, 0, 0], 0.017957650480667553]
[[30, 6, 0, 0], 0.018891223513936364]
[[30, 6, 0, 0], 0.01775526967647778]
[[31, 5, 0, 0], 0.01845440412304652]
[[31, 5, 0, 0], 0.017546917360887093]
[[32, 4, 0, 0], 0.018029641446727456]
[[32, 4, 0, 0], 0.01733406346052524]
[[33, 3, 0, 0], 0.017617653366536076]
[[33, 3, 0, 0], 0.017118012663524418]
[[34, 2, 0, 0], 0.01721881632302862]
[[34, 2, 0, 0], 0.016899800041858537]
[[35, 1, 0, 0], 0.016833254072274127]
[[35, 1, 0, 0], 0.0166804943527179]
[[19, 18, 0, 0], 0.02278448617528598]
[[19, 18, 0, 0], 0.01873043800844343]
[[20, 17, 0, 0], 0.022646553056484182]
[[20, 17, 0, 0], 0.01870682914290711]
[[21, 16, 0, 0], 0.02240846090758728]
[[21, 16, 0, 0], 0.018660098264856373]
[[22, 15, 0, 0], 0.022097976526773425]
[[22, 15, 0, 0], 0.01859116043574005]
[[23, 14, 0, 0], 0.021735856569732953]
[[23, 14, 0, 0], 0.01850131766419061]
[[24, 13, 0, 0], 0.021338136379296328]
[[24, 13, 0, 0], 0.01839214594333427]
[[25, 12, 0, 0], 0.02091728319549482]
[[25, 12, 0, 0], 0.018265451517839537]
[[26, 11, 0, 0], 0.020482935218485977]
[[26, 11, 0, 0], 0.018123133000193192]
[[27, 10, 0, 0], 0.020042463214521442]
[[27, 10, 0, 0], 0.017967126207411255]
[[28, 9, 0, 0], 0.01960142958545078]
[[28, 9, 0, 0], 0.017799334551236612]
[[29, 8, 0, 0], 0.019163968657788032]
[[29, 8, 0, 0], 0.0176215801198496]
[[30, 7, 0, 0], 0.018733098580663465]
[[30, 7, 0, 0], 0.017435569338480228]
[[31, 6, 0, 0], 0.018310973190003296]
[[31, 6, 0, 0], 0.0172428828282154]
[[32, 5, 0, 0], 0.017899082457792547]
[[32, 5, 0, 0], 0.19406844906664844]
[[33, 4, 0, 0], 0.017498410155380163]
[[33, 4, 0, 0], 0.016842976736106685]
[[34, 3, 0, 0], 0.017109556757578578]
[[34, 3, 0, 0], 0.01663818376617776]
[[35, 2, 0, 0], 0.016732834620315246]
[[35, 2, 0, 0], 0.016431535723196333]
[[36, 1, 0, 0], 0.016368341329130762]
[[36, 1, 0, 0], 0.016223936487353097]
[[19, 19, 0, 0], 0.022203947368420057]
[[19, 19, 0, 0], 0.01824041562234413]
[[20, 18, 0, 0], 0.022135535471723897]
[[20, 18, 0, 0], 0.01822948755348719]
[[21, 17, 0, 0], 0.0219571238889367]
[[21, 17, 0, 0], 0.018196927954260644]
[[22, 16, 0, 0], 0.02169877610874293]
[[22, 16, 0, 0], 0.01814335056020866]
[[23, 15, 0, 0], 0.02138232161217459]
[[23, 15, 0, 0], 0.018069738055842777]
[[24, 14, 0, 0], 0.021024509759039852]
[[24, 14, 0, 0], 0.017977377273012962]
[[25, 13, 0, 0], 0.020638429911761805]
[[25, 13, 0, 0], 0.01786776924472333]
[[26, 12, 0, 0], 0.020234315288292726]
[[26, 12, 0, 0], 0.017742580807751596]
[[27, 11, 0, 0], 0.019820104962683865]
[[27, 11, 0, 0], 0.017603526155899107]
[[28, 10, 0, 0], 0.01940188944645902]
[[28, 10, 0, 0], 0.017452351719969172]
[[29, 9, 0, 0], 0.01898428014100768]
[[29, 9, 0, 0], 0.01729075208186348]
[[30, 8, 0, 0], 0.018570716481434383]
[[30, 8, 0, 0], 0.01712033929805834]
[[31, 7, 0, 0], 0.018163718179539858]
[[31, 7, 0, 0], 0.016942622142321895]
[[32, 6, 0, 0], 0.017765089319050062]
[[32, 6, 0, 0], 0.016758986717501756]
[[33, 5, 0, 0], 0.017376081317240416]
[[33, 5, 0, 0], 0.016570697722861905]
[[34, 4, 0, 0], 0.016997521671517517]
[[34, 4, 0, 0], 0.01637886302364322]
[[35, 3, 0, 0], 0.016629914859196623]
[[35, 3, 0, 0], 0.01618450577047703]
[[36, 2, 0, 0], 0.016273520941661575]
[[36, 2, 0, 0], 0.015988504018736194]
[[37, 1, 0, 0], 0.015928416529964923]
[[37, 1, 0, 0], 0.015791624942779414]
[[20, 19, 0, 0], 0.021617854938176556]
[[20, 19, 0, 0], 0.017770179103384187]
[[21, 18, 0, 0], 0.0214990255498822]
[[21, 18, 0, 0], 0.017750014564137828]
[[22, 17, 0, 0], 0.021292581638080687]
[[22, 17, 0, 0], 0.017710053701140538]
[[23, 16, 0, 0], 0.021021727177119736]
[[23, 16, 0, 0], 0.0176510073838676]
[[24, 15, 0, 0], 0.020703969132855885]
[[24, 15, 0, 0], 0.017576512465403482]
[[25, 14, 0, 0], 0.02035297667027745]
[[25, 14, 0, 0], 0.01747994062434355]
[[26, 13, 0, 0], 0.01997951751960472]
[[26, 13, 0, 0], 0.01737056648578772]
[[27, 12, 0, 0], 0.019592045638970896]
[[27, 12, 0, 0], 0.01724730973388877]
[[28, 11, 0, 0], 0.01919714017550065]
[[28, 11, 0, 0], 0.017111732807143287]
[[29, 10, 0, 0], 0.0187998635451636]
[[29, 10, 0, 0], 0.016965386265070492]
[[30, 9, 0, 0], 0.018404060950675285]
[[30, 9, 0, 0], 0.01680978848645065]
[[31, 8, 0, 0], 0.018012609928112176]
[[31, 8, 0, 0], 0.016646370339553407]
[[32, 7, 0, 0], 0.017627625548569177]
[[32, 7, 0, 0], 0.016476505090997406]
[[33, 6, 0, 0], 0.017250626808838303]
[[33, 6, 0, 0], 0.016301309796892482]
[[34, 5, 0, 0], 0.01688266993177183]
[[34, 5, 0, 0], 0.01612200922528917]
[[35, 4, 0, 0], 0.01652445414870795]
[[35, 4, 0, 0], 0.015939567186289416]
[[36, 3, 0, 0], 0.0161764050174439]
[[36, 3, 0, 0], 0.015767525566473317]
[[37, 2, 0, 0], 0.015838739722496213]
[[37, 2, 0, 0], 0.015568717653140496]
[[38, 1, 0, 0], 0.015511518018253909]
[[38, 1, 0, 0], 0.015381786409556675]
[[20, 20, 0, 0], 0.02109375011691022]
[[20, 20, 0, 0], 0.017328406346050595]
[[21, 19, 0, 0], 0.02103477440218875]
[[21, 19, 0, 0], 0.017319023578879822]
[[22, 18, 0, 0], 0.02088002942143083]
[[22, 18, 0, 0], 0.017291085800554384]
[[23, 17, 0, 0], 0.020654614171887874]
[[23, 17, 0, 0], 0.017245057496555916]
[[24, 16, 0, 0], 0.020376928097331402]
[[24, 16, 0, 0], 0.017181705247137913]
[[25, 15, 0, 0], 0.020061216822644105]
[[25, 15, 0, 0], 0.017102037382317192]
[[26, 14, 0, 0], 0.01971873613933032]
[[26, 14, 0, 0], 0.017007246114811636]
[[27, 13, 0, 0], 0.019358403742818765]
[[27, 13, 0, 0], 0.016898656166542736]
[[28, 12, 0, 0], 0.018987245290441688]
[[28, 12, 0, 0], 0.01677766174337858]
[[29, 11, 0, 0], 0.018610744016142215]
[[29, 11, 0, 0], 0.01664568123495691]
[[30, 10, 0, 0], 0.01823313130300059]
[[30, 10, 0, 0], 0.016504114440625273]
[[31, 9, 0, 0], 0.01785763103464959]
[[31, 9, 0, 0], 0.016354310758847745]
[[32, 8, 0, 0], 0.017486663477272513]
[[32, 8, 0, 0], 0.016197549175274162]
[[33, 7, 0, 0], 0.01712201315452403]
[[33, 7, 0, 0], 0.016035041872372813]
[[34, 6, 0, 0], 0.016764965283511044]
[[34, 6, 0, 0], 0.015867786709465648]
[[35, 5, 0, 0], 0.016416415454599115]
[[35, 5, 0, 0], 0.015696873214723905]
[[36, 4, 0, 0], 0.016076957039910043]
[[36, 4, 0, 0], 0.015523155774005204]
[[37, 3, 0, 0], 0.015746950398387194]
[[37, 3, 0, 0], 0.015347430430571407]
[[38, 2, 0, 0], 0.015426577398241506]
[[38, 2, 0, 0], 0.015171552639905439]
[[39, 1, 0, 0], 0.015115884213106345]
[[39, 1, 0, 0], 0.014992680846523498]
[[21, 20, 0, 0], 0.020564802808124606]
[[21, 20, 0, 0], 0.016903570382140742]
[[22, 19, 0, 0], 0.020461702308669883]
[[22, 19, 0, 0], 0.016886208560634497]
[[23, 18, 0, 0], 0.020281528336750548]
[[23, 18, 0, 0], 0.01685177254253123]
[[24, 17, 0, 0], 0.020043830627716284]
[[24, 17, 0, 0], 0.016800818664338912]
[[25, 16, 0, 0], 0.019763482116271075]
[[25, 16, 0, 0], 0.016734141135119174]
[[26, 15, 0, 0], 0.019452202957696087]
[[26, 15, 0, 0], 0.01665274119805016]
[[27, 14, 0, 0], 0.01911933072407454]
[[27, 14, 0, 0], 0.016557707281169343]
[[28, 13, 0, 0], 0.018772295514981063]
[[28, 13, 0, 0], 0.01645030990780061]
[[29, 12, 0, 0], 0.018416968363798348]
[[29, 12, 0, 0], 0.016331812588610717]
[[30, 11, 0, 0], 0.01805794371300224]
[[30, 11, 0, 0], 0.016203496309751486]
[[31, 10, 0, 0], 0.017698777025192448]
[[31, 10, 0, 0], 0.016066621078278942]
[[32, 9, 0, 0], 0.01734218525007095]
[[32, 9, 0, 0], 0.015922395219738483]
[[33, 8, 0, 0], 0.016990214277985118]
[[33, 8, 0, 0], 0.015771950374082522]
[[34, 7, 0, 0], 0.016644377017925028]
[[34, 7, 0, 0], 0.015617921327984341]
[[35, 6, 0, 0], 0.016305765892984898]
[[35, 6, 0, 0], 0.015459102443812434]
[[36, 5, 0, 0], 0.015975143583964457]
[[36, 5, 0, 0], 0.015293484502575616]
[[37, 4, 0, 0], 0.01565301565580708]
[[37, 4, 0, 0], 0.015127949464883717]
[[38, 3, 0, 0], 0.015339688339805015]
[[38, 3, 0, 0], 0.014960500902169827]
[[39, 2, 0, 0], 0.015035314297134136]
[[39, 2, 0, 0], 0.01479194300542197]
[[40, 1, 0, 0], 0.014739928740288415]
[[40, 1, 0, 0], 0.014622773088419194]
[[21, 21, 0, 0], 0.02008928571428219]
[[21, 21, 0, 0], 0.016503229479883252]
[[22, 20, 0, 0], 0.02003808673628269]
[[22, 20, 0, 0], 0.016495136657165066]
[[23, 19, 0, 0], 0.019902994953085937]
[[23, 19, 0, 0], 0.016470986417324696]
[[24, 18, 0, 0], 0.019705136520563472]
[[24, 18, 0, 0], 0.01643115680246421]
[[25, 17, 0, 0], 0.01946013504253146]
[[25, 17, 0, 0], 0.01637686589145204]
[[26, 16, 0, 0], 0.019180183983404295]
[[26, 16, 0, 0], 0.016307141027835037]
[[27, 15, 0, 0], 0.018875010050971718]
[[27, 15, 0, 0], 0.016224568468267364]
[[28, 14, 0, 0], 0.01855240912513613]
[[28, 14, 0, 0], 0.016129810319392313]
[[29, 13, 0, 0], 0.018218605983019023]
[[29, 13, 0, 0], 0.2024779349426972]
[[30, 12, 0, 0], 0.01787853231767169]
[[30, 12, 0, 0], 0.01590809720717168]
[[31, 11, 0, 0], 0.017536057435058143]
[[31, 11, 0, 0], 0.015783462662360748]
[[32, 10, 0, 0], 0.017194183797556484]
[[32, 10, 0, 0], 0.015651168033294027]
[[33, 9, 0, 0], 0.016855212336182104]
[[33, 9, 0, 0], 0.015512293666014365]
[[34, 8, 0, 0], 0.016520880676655785]
[[34, 8, 0, 0], 0.015368240304455938]
[[35, 7, 0, 0], 0.01619247729768043]
[[35, 7, 0, 0], 0.09505341161626824]
[[36, 6, 0, 0], 0.015870934775361816]
[[36, 6, 0, 0], 0.01506760583337119]
[[37, 5, 0, 0], 0.015556905257567876]
[[37, 5, 0, 0], 0.01491022350649196]
[[38, 4, 0, 0], 0.015250821122577519]
[[38, 4, 0, 0], 0.01475220926216414]
[[39, 3, 0, 0], 0.014952943466127062]
[[39, 3, 0, 0], 0.014592618313755246]
[[40, 2, 0, 0], 0.014663400699894606]
[[40, 2, 0, 0], 0.014431899522866054]
[[41, 1, 0, 0], 0.014382219178061671]
[[41, 1, 0, 0], 0.014270815305738926]
[[22, 21, 0, 0], 0.01960952184552016]
[[22, 21, 0, 0], 0.016117545916143783]
[[23, 20, 0, 0], 0.019519489535326683]
[[23, 20, 0, 0], 0.01610249162849975]
[[24, 19, 0, 0], 0.01936130388546377]
[[24, 19, 0, 0], 0.01607276772663102]
[[25, 18, 0, 0], 0.019151558903181296]
[[25, 18, 0, 0], 0.016028813679888287]
[[26, 17, 0, 0], 0.018902974374976855]
[[26, 17, 0, 0], 0.01597031169973473]
[[27, 16, 0, 0], 0.018625655145781433]
[[27, 16, 0, 0], 0.015899319210520346]
[[28, 15, 0, 0], 0.018327731574384973]
[[28, 15, 0, 0], 0.015816290179733183]
[[29, 14, 0, 0], 0.018015749340969164]
[[29, 14, 0, 0], 0.015722165902614993]
[[30, 13, 0, 0], 0.01769495007440165]
[[30, 13, 0, 0], 0.015618050933998262]
[[31, 12, 0, 0], 0.017369496766130275]
[[31, 12, 0, 0], 0.015504982943849388]
[[32, 11, 0, 0], 0.01704266375444114]
[[32, 11, 0, 0], 0.015384019091659873]
[[33, 10, 0, 0], 0.016716998536052432]
[[33, 10, 0, 0], 0.01526068490718302]
[[34, 9, 0, 0], 0.016394458744962412]
[[34, 9, 0, 0], 0.015122430729689995]
[[35, 8, 0, 0], 0.01607652680260139]
[[35, 8, 0, 0], 0.01501047236156594]
[[36, 7, 0, 0], 0.015764304768524206]
[[36, 7, 0, 0], 0.01484080291590928]
[[37, 6, 0, 0], 0.015458592017907046]
[[37, 6, 0, 0], 0.014694546208292358]
[[38, 5, 0, 0], 0.015159948331353933]
[[38, 5, 0, 0], 0.014545627623110402]
[[39, 4, 0, 0], 0.014868744808382087]
[[39, 4, 0, 0], 0.014394685136073893]
[[40, 3, 0, 0], 0.014585204749178005]
[[40, 3, 0, 0], 0.014242291826115583]
[[41, 2, 0, 0], 0.014309436357470845]
[[41, 2, 0, 0], 0.01420753280661867]
[[42, 1, 0, 0], 0.014041458824540958]
[[42, 1, 0, 0], 0.013935135469421045]
[[22, 22, 0, 0], 0.01917613636971274]
[[22, 22, 0, 0], 0.015753082852247857]
[[23, 21, 0, 0], 0.01913140392653847]
[[23, 21, 0, 0], 0.01574604317956929]
[[24, 20, 0, 0], 0.03076535191433506]
[[24, 20, 0, 0], 0.015725026622791738]
[[25, 19, 0, 0], 0.018838145621880405]
[[25, 19, 0, 0], 0.015690332666324025]
[[26, 18, 0, 0], 0.018620891665329375]
[[26, 18, 0, 0], 0.015642443880416135]
[[27, 17, 0, 0], 0.01837150608192117]
[[27, 17, 0, 0], 0.015582000217293723]
[[28, 16, 0, 0], 0.01809843428586087]
[[28, 16, 0, 0], 0.015509775768828504]
[[29, 15, 0, 0], 0.017808513938267056]
[[29, 15, 0, 0], 0.015426622076889274]
[[30, 14, 0, 0], 0.01750726930446523]
[[30, 14, 0, 0], 0.015333480149338108]
[[31, 13, 0, 0], 0.017199135265724735]
[[31, 13, 0, 0], 0.015231310465530834]
[[32, 12, 0, 0], 0.016887642285295282]
[[32, 12, 0, 0], 0.015121079030704365]
[[33, 11, 0, 0], 0.016575573911816265]
[[33, 11, 0, 0], 0.01500374040773167]
[[34, 10, 0, 0], 0.016265101340115166]
[[34, 10, 0, 0], 0.01488021410969953]
[[35, 9, 0, 0], 0.01595789742894438]
[[35, 9, 0, 0], 0.023677550502050337]
[[36, 8, 0, 0], 0.01565523223711129]
[[36, 8, 0, 0], 0.014618040986194902]
[[37, 7, 0, 0], 0.0153580522070607]
[[37, 7, 0, 0], 0.014480975356242709]
[[38, 6, 0, 0], 0.01506704518518196]
[[38, 6, 0, 0], 0.014340872248662428]
[[39, 5, 0, 0], 0.01478269341341547]
[[39, 5, 0, 0], 0.014198370830048823]
[[40, 4, 0, 0], 0.014505316461951585]
[[40, 4, 0, 0], 0.01405409582252351]
[[41, 3, 0, 0], 0.014235105855416364]
[[41, 3, 0, 0], 0.013908410266110671]
[[42, 2, 0, 0], 0.013972152902005971]
[[42, 2, 0, 0], 0.013761928417938663]
[[43, 1, 0, 0], 0.013716470998834818]
[[43, 1, 0, 0], 0.013615009182733284]
[[23, 22, 0, 0], 0.01873900624172337]
[[23, 22, 0, 0], 0.015429777362185426]
[[24, 21, 0, 0], 0.01865992151048048]
[[24, 21, 0, 0], 0.015388233725872169]
[[25, 20, 0, 0], 0.01852028135624194]
[[25, 20, 0, 0], 0.015362131434248028]
[[26, 19, 0, 0], 0.018334267254596612]
[[26, 19, 0, 0], 0.015323428747313628]
[[27, 18, 0, 0], 0.018112824975332443]
[[27, 18, 0, 0], 0.015272626879421658]
[[28, 17, 0, 0], 0.0178647125233957]
[[28, 17, 0, 0], 0.015210363475373079]
[[29, 16, 0, 0], 0.017597037656022867]
[[29, 16, 0, 0], 0.015137379034984022]
[[30, 15, 0, 0], 0.01731558185017497]
[[30, 15, 0, 0], 0.015054489696634032]
[[31, 14, 0, 0], 0.017025029478865125]
[[31, 14, 0, 0], 0.014962889782156985]
[[32, 13, 0, 0], 0.016729149782280246]
[[32, 13, 0, 0], 0.01486246760926635]
[[33, 12, 0, 0], 0.016430950037018693]
[[33, 12, 0, 0], 0.01475510184975981]
[[34, 11, 0, 0], 0.016132806871945675]
[[34, 11, 0, 0], 0.014641324889049567]
[[35, 10, 0, 0], 0.01583657866587902]
[[35, 10, 0, 0], 0.014523270546744849]
[[36, 9, 0, 0], 0.015543700868842781]
[[36, 9, 0, 0], 0.01439786501648177]
[[37, 8, 0, 0], 0.015255265965293937]
[[37, 8, 0, 0], 0.014269623816679067]
[[38, 7, 0, 0], 0.01497208988033341]
[[38, 7, 0, 0], 0.014138045277049205]
[[39, 6, 0, 0], 0.01469476665452693]
[[39, 6, 0, 0], 0.014003731196825964]
[[40, 5, 0, 0], 0.014423713157400693]
[[40, 5, 0, 0], 0.01386724999983624]
[[41, 4, 0, 0], 0.014159205451465212]
[[41, 4, 0, 0], 0.013729119834660075]
[[42, 3, 0, 0], 0.013901408247382542]
[[42, 3, 0, 0], 0.013589810100361477]
[[43, 2, 0, 0], 0.013650398682049142]
[[43, 2, 0, 0], 0.013449729691094703]
[[44, 1, 0, 0], 0.01340618546793752]
[[44, 1, 0, 0], 0.013309259517510164]
[[23, 23, 0, 0], 0.018342391304348952]
[[23, 23, 0, 0], 0.015068165843662662]
[[24, 22, 0, 0], 0.018303080117542253]
[[24, 22, 0, 0], 0.015062006989075893]
[[25, 21, 0, 0], 0.018198329921128714]
[[25, 21, 0, 0], 0.015043606532016973]
[[26, 20, 0, 0], 0.018043436204064546]
[[26, 20, 0, 0], 0.015013200926343284]
[[27, 19, 0, 0], 0.017849890043454913]
[[27, 19, 0, 0], 0.01497118608277237]
[[28, 18, 0, 0], 0.017626782272545445]
[[28, 18, 0, 0], 0.0149204348839036]
[[29, 17, 0, 0], 0.0173814794133148]
[[29, 17, 0, 0], 0.014856890295217862]
[[30, 16, 0, 0], 0.01711999877683101]
[[30, 16, 0, 0], 0.014781157901422759]
[[31, 15, 0, 0], 0.01684725250909125]
[[31, 15, 0, 0], 0.014698822243922383]
[[32, 14, 0, 0], 0.01656723039396436]
[[32, 14, 0, 0], 0.014608289777338967]
[[33, 13, 0, 0], 0.016283149642864918]
[[33, 13, 0, 0], 0.014510372043412545]
[[34, 12, 0, 0], 0.015997582655535983]
[[34, 12, 0, 0], 0.0144058742770512]
[[35, 11, 0, 0], 0.015712567032851114]
[[35, 11, 0, 0], 0.0051266519892010365]
[[36, 10, 0, 0], 0.015429699859007624]
[[36, 10, 0, 0], 0.014180244694640631]
[[37, 9, 0, 0], 0.015150217724809857]
[[37, 9, 0, 0], 0.01406057505798941]
[[38, 8, 0, 0], 0.014875063942633805]
[[38, 8, 0, 0], 0.013937241130999922]
[[39, 7, 0, 0], 0.014604944480274015]
[[39, 7, 0, 0], 0.013810858998329678]
[[40, 6, 0, 0], 0.014340374141103982]
[[40, 6, 0, 0], 0.0136819959971195]
[[41, 5, 0, 0], 0.014081714453436953]
[[41, 5, 0, 0], 0.013551169843760924]
[[42, 4, 0, 0], 0.01382920460405711]
[[42, 4, 0, 0], 0.013418849703718205]
[[43, 3, 0, 0], 0.013582986595065053]
[[43, 3, 0, 0], 0.013285818279214157]
[[44, 2, 0, 0], 0.013343125642812785]
[[44, 2, 0, 0], 0.013151375606985205]
[[45, 1, 0, 0], 0.013109626677994356]
[[45, 1, 0, 0], 0.013016937923222116]
[[24, 23, 0, 0], 0.01794245802967646]
[[24, 23, 0, 0], 0.014746121918033595]
[[25, 22, 0, 0], 0.017872613877900245]
[[25, 22, 0, 0], 0.014734593237244797]
[[26, 21, 0, 0], 0.017748725369231246]
[[26, 21, 0, 0], 0.01471167045621069]
[[27, 20, 0, 0], 0.017582988340157032]
[[27, 20, 0, 0], 0.014677634821685714]
[[28, 19, 0, 0], 0.017384876095965136]
[[28, 19, 0, 0], 0.014632911710833696]
[[29, 18, 0, 0], 0.017162017074568457]
[[29, 18, 0, 0], 0.014578013653311572]
[[30, 17, 0, 0], 0.016920649557151984]
[[30, 17, 0, 0], 0.014513546380180209]
[[31, 16, 0, 0], 0.01666589394757043]
[[31, 16, 0, 0], 0.014440235232147991]
[[32, 15, 0, 0], 0.01640194234216126]
[[32, 15, 0, 0], 0.014467992608576452]
[[33, 14, 0, 0], 0.016132207111060407]
[[33, 14, 0, 0], 0.014269648626203946]
[[34, 13, 0, 0], 0.015859445456017883]
[[34, 13, 0, 0], 0.014173965563945679]
[[35, 12, 0, 0], 0.015585866607411725]
[[35, 12, 0, 0], 0.014072344214772103]
[[36, 11, 0, 0], 0.015313224390044225]
[[36, 11, 0, 0], 0.01396541595427081]
[[37, 10, 0, 0], 0.015042896626411504]
[[37, 10, 0, 0], 0.013853948938337801]
[[38, 9, 0, 0], 0.014775952585106675]
[[38, 9, 0, 0], 0.075160021272481]
[[39, 8, 0, 0], 0.014513209715007818]
[[39, 8, 0, 0], 0.013619845001200614]
[[40, 7, 0, 0], 0.01425528095514958]
[[40, 7, 0, 0], 0.013498368130525407]
[[41, 6, 0, 0], 0.014002613903214622]
[[41, 6, 0, 0], 0.013374640783256453]
[[42, 5, 0, 0], 0.013755523057251905]
[[42, 5, 0, 0], 0.013249131861813979]
[[43, 4, 0, 0], 0.013514216233958511]
[[43, 4, 0, 0], 0.013122266862834131]
[[44, 3, 0, 0], 0.013278816140532857]
[[44, 3, 0, 0], 0.012994429312137346]
[[45, 2, 0, 0], 0.013049377937952763]
[[45, 2, 0, 0], 0.012865964333097057]
[[46, 1, 0, 0], 0.012825903510092515]
[[46, 1, 0, 0], 0.012737181395870545]
[[24, 24, 0, 0], 0.01757812501713813]
[[24, 24, 0, 0], 0.014440325446688718]
[[25, 23, 0, 0], 0.017543392823878425]
[[25, 23, 0, 0], 0.014434902655157344]
[[26, 22, 0, 0], 0.0174504398571521]
[[26, 22, 0, 0], 0.01441869903654247]
[[27, 21, 0, 0], 0.01731240719899641]
[[27, 21, 0, 0], 0.01439190941659696]
[[28, 20, 0, 0], 0.017139237955872015]
[[28, 20, 0, 0], 0.014354849775777723]
[[29, 19, 0, 0], 0.016938844567324647]
[[29, 19, 0, 0], 0.014307941736676266]
[[30, 18, 0, 0], 0.01671768068566651]
[[30, 18, 0, 0], 0.014251697275351916]
[[31, 17, 0, 0], 0.01648105940704651]
[[31, 17, 0, 0], 0.014186699777621214]
[[32, 16, 0, 0], 0.016233357984520372]
[[32, 16, 0, 0], 0.014113585686243546]
[[33, 15, 0, 0], 0.01597816880862062]
[[33, 15, 0, 0], 0.014033017465971298]
[[34, 14, 0, 0], 0.0157184219387061]
[[34, 14, 0, 0], 0.013945682579043606]
[[35, 13, 0, 0], 0.015456489502234069]
[[35, 13, 0, 0], 0.01385226272569362]
[[36, 12, 0, 0], 0.015194276086028264]
[[36, 12, 0, 0], 0.013795712872490373]
[[37, 11, 0, 0], 0.014933296932270008]
[[37, 11, 0, 0], 0.013649829017957416]
[[38, 10, 0, 0], 0.4650574805995291]
[[38, 10, 0, 0], 0.013542082656407217]
[[39, 9, 0, 0], 0.014419548364823112]
[[39, 9, 0, 0], 0.013430773491019288]
[[40, 8, 0, 0], 0.014168417635441818]
[[40, 8, 0, 0], 0.013316447380095298]
[[41, 7, 0, 0], 0.013921886792432057]
[[41, 7, 0, 0], 0.013199610208684653]
[[42, 6, 0, 0], 0.013680346212182075]
[[42, 6, 0, 0], 0.013080728883931414]
[[43, 5, 0, 0], 0.013444070276839571]
[[43, 5, 0, 0], 0.012960223885471911]
[[44, 4, 0, 0], 0.013213240024851464]
[[44, 4, 0, 0], 0.012838490087577203]
[[45, 3, 0, 0], 0.012987961716448504]
[[45, 3, 0, 0], 0.012717454537826356]
[[46, 2, 0, 0], 0.012768282009223112]
[[46, 2, 0, 0], 0.012592673441964575]
[[47, 1, 0, 0], 0.01255420034135352]
[[47, 1, 0, 0], 0.012592853466390608]
[[25, 24, 0, 0], 0.0172108378342154]
[[25, 24, 0, 0], 0.014144349800930378]
[[26, 23, 0, 0], 0.017148847663187014]
[[26, 23, 0, 0], 0.014134170946841773]
[[27, 22, 0, 0], 0.017038424403590047]
[[27, 22, 0, 0], 0.014113924492708207]
[[28, 21, 0, 0], 0.01689011701762166]
[[28, 21, 0, 0], 0.014083848434838231]
[[29, 20, 0, 0], 0.016712168192816453]
[[29, 20, 0, 0], 0.014044276854057625]
[[30, 19, 0, 0], 0.01651125368426611]
[[30, 19, 0, 0], 0.013995634753616981]
[[31, 18, 0, 0], 0.016292869622918475]
[[31, 18, 0, 0], 0.013939503978328105]
[[32, 17, 0, 0], 0.016061563582184298]
[[32, 17, 0, 0], 0.013877651309936234]
[[33, 16, 0, 0], 0.015821093231318282]
[[33, 16, 0, 0], 0.013800551256720084]
[[34, 15, 0, 0], 0.015574549001530814]
[[34, 15, 0, 0], 0.013721116593331306]
[[35, 14, 0, 0], 0.015324456272290921]
[[35, 14, 0, 0], 0.02230552755608392]
[[36, 13, 0, 0], 0.015072863429555137]
[[36, 13, 0, 0], 0.013544367810665925]
[[37, 12, 0, 0], 0.014821418417249483]
[[37, 12, 0, 0], 0.013448301008423869]
[[38, 11, 0, 0], 0.014571435041384893]
[[38, 11, 0, 0], 0.01334863541300213]
[[39, 10, 0, 0], 0.014323949924035687]
[[39, 10, 0, 0], 0.013243742707731876]
[[40, 9, 0, 0], 0.014079770973902502]
[[40, 9, 0, 0], 0.013136312277514328]
[[41, 8, 0, 0], 0.013839518282989469]
[[41, 8, 0, 0], 0.01302615246172767]
[[42, 7, 0, 0], 0.013603658378887095]
[[42, 7, 0, 0], 0.012913718879856262]
[[43, 6, 0, 0], 0.013372532737689848]
[[43, 6, 0, 0], 0.012799396405918095]
[[44, 5, 0, 0], 0.013146381403854277]
[[44, 5, 0, 0], 0.012683609885888458]
[[45, 4, 0, 0], 0.012925362482459018]
[[45, 4, 0, 0], 0.012566698805850152]
[[46, 3, 0, 0], 0.012709568170937739]
[[46, 3, 0, 0], 0.012492462437566854]
[[47, 2, 0, 0], 0.012499037922254026]
[[47, 2, 0, 0], 0.012331815368609722]
[[48, 1, 0, 0], 0.012293769214730835]
[[48, 1, 0, 0], 0.012212251353979742]
