[[0, 1, 1], 0.5926]
[[0, 2, 1], 0.3849]
[[0, 2, 2], 0.2963]
[[0, 3, 1], 0.2805]
[[0, 3, 2], 0.2347]
[[0, 4, 1], 0.2199]
[[0, 3, 3], 0.1975]
[[0, 4, 2], 0.1925]
[[0, 5, 1], 0.1806]
[[0, 4, 3], 0.1685]
[[0, 5, 2], 0.1624]
[[0, 6, 1], 0.1531]
[[0, 4, 4], 0.1481]
[[0, 5, 3], 0.1459]
[[0, 6, 2], 0.1403]
[[0, 7, 1], 0.1328]
[[0, 5, 4], 0.1313]
[[0, 6, 3], 0.1283]
[[0, 7, 2], 0.1233]
[[0, 8, 1], 0.1173]
[[0, 5, 5], 0.1185]
[[0, 6, 4], 0.1174]
[[0, 7, 3], 0.1143]
[[0, 8, 2], 0.1099]
[[0, 9, 1], 0.105]
[[0, 6, 5], 0.1075]
[[0, 7, 4], 0.1058]
[[0, 8, 3], 0.1029]
[[0, 9, 2], 0.0991]
[[0, 10, 1], 0.0951]
[[0, 6, 6], 0.0988]
[[0, 7, 5], 0.0981]
[[0, 8, 4], 0.0962]
[[0, 9, 3], 0.0935]
[[0, 10, 2], 0.0903]
[[0, 11, 1], 0.0868]
[[0, 7, 6], 0.091]
[[0, 8, 5], 0.09]
[[0, 9, 4], 0.0881]
[[0, 10, 3], 0.0857]
[[0, 11, 2], 0.0829]
[[0, 12, 1], 0.0799]
[[0, 7, 7], 0.0847]
[[0, 8, 6], 0.0842]
[[0, 9, 5], 0.083]
[[0, 10, 4], 0.0812]
[[0, 11, 3], 0.079]
[[0, 12, 2], 0.0765]
[[0, 13, 1], 0.074]
[[0, 8, 7], 0.0789]
[[0, 9, 6], 0.0782]
[[0, 10, 5], 0.077]
[[0, 11, 4], 0.0753]
[[0, 12, 3], 0.0733]
[[0, 13, 2], 0.0711]
[[0, 14, 1], 0.0689]
[[0, 8, 8], 0.0741]
[[0, 9, 7], 0.0738]
[[0, 10, 6], 0.073]
[[0, 11, 5], 0.0717]
[[0, 12, 4], 0.0701]
[[0, 13, 3], 0.4664]
[[0, 14, 2], 0.0664]
[[0, 15, 1], 0.0645]
[[0, 9, 8], 0.0697]
[[0, 10, 7], 0.0692]
[[0, 11, 6], 0.0683]
[[0, 12, 5], 0.0671]
[[0, 13, 4], 0.0656]
[[0, 14, 3], 0.064]
[[0, 15, 2], 0.0623]
[[0, 16, 1], 0.0606]
[[0, 9, 9], 0.0658]
[[0, 10, 8], 0.0656]
[[0, 11, 7], 0.0651]
[[0, 12, 6], 0.0642]
[[0, 13, 5], 0.063]
[[0, 14, 4], 0.0616]
[[0, 15, 3], 0.0602]
[[0, 16, 2], 0.0587]
[[0, 17, 1], 0.0571]
[[0, 10, 9], 0.0623]
[[0, 11, 8], 0.062]
[[0, 12, 7], 0.0614]
[[0, 13, 6], 0.0604]
[[0, 14, 5], 0.0594]
[[0, 15, 4], 0.0581]
[[0, 16, 3], 0.0568]
[[0, 17, 2], 0.0554]
[[0, 18, 1], 0.054]
[[0, 10, 10], 0.0593]
[[0, 11, 9], 0.0591]
[[0, 12, 8], 0.0587]
[[0, 13, 7], 0.058]
[[0, 14, 6], 0.0571]
[[0, 15, 5], 0.0561]
[[0, 16, 4], 0.055]
[[0, 17, 3], 0.0538]
[[0, 18, 2], 0.0525]
[[0, 19, 1], 0.0513]
[[0, 11, 10], 0.0564]
[[0, 12, 9], 0.0562]
[[0, 13, 8], 0.0557]
[[0, 14, 7], 0.055]
[[0, 15, 6], 0.0541]
[[0, 16, 5], 0.0532]
[[0, 17, 4], 0.0521]
[[0, 18, 3], 0.051]
[[0, 19, 2], 0.0499]
[[0, 20, 1], 0.0488]
[[0, 11, 11], 0.0539]
[[0, 12, 10], 0.0538]
[[0, 13, 9], 0.0534]
[[0, 14, 8], 0.0529]
[[0, 15, 7], 0.0522]
[[0, 16, 6], 0.0514]
[[0, 17, 5], 0.0505]
[[0, 18, 4], 0.0496]
[[0, 19, 3], 0.0486]
[[0, 20, 2], 0.0475]
[[0, 21, 1], 0.0465]
[[0, 12, 11], 0.0515]
[[0, 13, 10], 0.0513]
[[0, 14, 9], 0.0509]
[[0, 15, 8], 0.0504]
[[0, 16, 7], 0.0498]
[[0, 17, 6], 0.049]
[[0, 18, 5], 0.0481]
[[0, 19, 4], 0.0473]
[[0, 20, 3], 0.0463]
[[0, 21, 2], 0.0454]
[[0, 22, 1], 0.0444]
[[0, 12, 12], 0.0494]
[[0, 13, 11], 0.0493]
[[0, 14, 10], 0.049]
[[0, 15, 9], 0.0486]
[[0, 16, 8], 0.0481]
[[0, 17, 7], 0.0475]
[[0, 18, 6], 0.0468]
[[0, 19, 5], 0.046]
[[0, 20, 4], 0.0451]
[[0, 21, 3], 0.0443]
[[0, 22, 2], 0.0434]
[[0, 23, 1], 0.0425]
[[0, 13, 12], 0.0474]
[[0, 14, 11], 0.0472]
[[0, 15, 10], 0.0469]
[[0, 16, 9], 0.0465]
[[0, 17, 8], 0.046]
[[0, 18, 7], 0.0454]
[[0, 19, 6], 0.0447]
[[0, 20, 5], 0.044]
[[0, 21, 4], 0.0432]
[[0, 22, 3], 0.0424]
[[0, 23, 2], 0.0416]
[[0, 24, 1], 0.0408]
[[0, 13, 13], 0.9118]
[[0, 14, 12], 0.0455]
[[0, 15, 11], 0.0453]
[[0, 16, 10], 0.045]
[[0, 17, 9], 0.0446]
[[0, 18, 8], 0.0441]
[[0, 19, 7], 0.0435]
[[0, 20, 6], 0.0428]
[[0, 21, 5], 0.0421]
[[0, 22, 4], 0.0414]
[[0, 23, 3], 0.0407]
[[0, 24, 2], 0.0399]
[[0, 25, 1], 0.0392]
[[0, 14, 13], 0.0439]
[[0, 15, 12], 0.0438]
[[0, 16, 11], 0.0435]
[[0, 17, 10], 0.0432]
[[0, 18, 9], 0.0428]
[[0, 19, 8], 0.0423]
[[0, 20, 7], 0.0417]
[[0, 21, 6], 0.0411]
[[0, 22, 5], 0.0405]
[[0, 23, 4], 0.0398]
[[0, 24, 3], 0.0391]
[[0, 25, 2], 0.0384]
[[0, 26, 1], 0.0377]
[[0, 14, 14], 0.0423]
[[0, 15, 13], 0.0423]
[[0, 16, 12], 0.0421]
[[0, 17, 11], 0.0419]
[[0, 18, 10], 0.0415]
[[0, 19, 9], 0.0411]
[[0, 20, 8], 0.0406]
[[0, 21, 7], 0.0401]
[[0, 22, 6], 0.0395]
[[0, 23, 5], 0.0389]
[[0, 24, 4], 0.0383]
[[0, 25, 3], 0.0376]
[[0, 26, 2], 0.037]
[[0, 27, 1], 0.0364]
[[0, 15, 14], 0.0409]
[[0, 16, 13], 0.0408]
[[0, 17, 12], 0.0406]
[[0, 18, 11], 0.0403]
[[0, 19, 10], 0.0399]
[[0, 20, 9], 0.0395]
[[0, 21, 8], 0.0391]
[[0, 22, 7], 0.0386]
[[0, 23, 6], 0.038]
[[0, 24, 5], 0.0375]
[[0, 25, 4], 0.0369]
[[0, 26, 3], 0.0363]
[[0, 27, 2], 0.0357]
[[0, 28, 1], 0.0351]
[[0, 15, 15], 0.0395]
[[0, 16, 14], 0.0395]
[[0, 17, 13], 0.0393]
[[0, 18, 12], 0.0391]
[[0, 19, 11], 0.0388]
[[0, 20, 10], 0.0385]
[[0, 21, 9], 0.0381]
[[0, 22, 8], 0.0376]
[[0, 23, 7], 0.0372]
[[0, 24, 6], 0.0366]
[[0, 25, 5], 0.0361]
[[0, 26, 4], 0.0356]
[[0, 27, 3], 0.035]
[[0, 28, 2], 0.0345]
[[0, 29, 1], 0.0339]
[[0, 16, 15], 0.0382]
[[0, 17, 14], 0.0381]
[[0, 18, 13], 0.038]
[[0, 19, 12], 0.0378]
[[0, 20, 11], 0.0375]
[[0, 21, 10], 0.0371]
[[0, 22, 9], 0.0367]
[[0, 23, 8], 0.0363]
[[0, 24, 7], 0.0358]
[[0, 25, 6], 0.0354]
[[0, 26, 5], 0.0349]
[[0, 27, 4], 0.0343]
[[0, 28, 3], 0.0338]
[[0, 29, 2], 0.0333]
[[0, 30, 1], 0.0328]
[[0, 16, 16], 0.037]
[[0, 17, 15], 0.037]
[[0, 18, 14], 0.0369]
[[0, 19, 13], 0.0367]
[[0, 20, 12], 0.0365]
[[0, 21, 11], 0.0362]
[[0, 22, 10], 0.0359]
[[0, 23, 9], 0.0355]
[[0, 24, 8], 0.0351]
[[0, 25, 7], 0.0346]
[[0, 26, 6], 0.0342]
[[0, 27, 5], 0.0337]
[[0, 28, 4], 0.0332]
[[0, 29, 3], 0.0327]
[[0, 30, 2], 0.0322]
[[0, 31, 1], 0.0317]
[[0, 17, 16], 0.0359]
[[0, 18, 15], 0.0358]
[[0, 19, 14], 0.0357]
[[0, 20, 13], 0.0355]
[[0, 21, 12], 0.0353]
[[0, 22, 11], 0.035]
[[0, 23, 10], 0.0347]
[[0, 24, 9], 0.0343]
[[0, 25, 8], 0.0339]
[[0, 26, 7], 0.0335]
[[0, 27, 6], 0.033]
[[0, 28, 5], 0.0326]
[[0, 29, 4], 0.0321]
[[0, 30, 3], 0.0317]
[[0, 31, 2], 0.0312]
[[0, 32, 1], 0.0308]
[[0, 17, 17], 0.0349]
[[0, 18, 16], 0.0348]
[[0, 19, 15], 0.0347]
[[0, 20, 14], 0.0346]
[[0, 21, 13], 0.0344]
[[0, 22, 12], 0.0341]
[[0, 23, 11], 0.0339]
[[0, 24, 10], 0.0335]
[[0, 25, 9], 0.0332]
[[0, 26, 8], 0.0328]
[[0, 27, 7], 0.0324]
[[0, 28, 6], 0.032]
[[0, 29, 5], 0.0316]
[[0, 30, 4], 0.0312]
[[0, 31, 3], 0.0307]
[[0, 32, 2], 0.0303]
[[0, 33, 1], 0.0298]
[[0, 18, 17], 0.0339]
[[0, 19, 16], 0.0338]
[[0, 20, 15], 0.0337]
[[0, 21, 14], 0.0335]
[[0, 22, 13], 0.0333]
[[0, 23, 12], 0.0331]
[[0, 24, 11], 0.0328]
[[0, 25, 10], 0.0325]
[[0, 26, 9], 0.0321]
[[0, 27, 8], 0.0318]
[[0, 28, 7], 0.0314]
[[0, 29, 6], 0.031]
[[0, 30, 5], 0.0306]
[[0, 31, 4], 0.0302]
[[0, 32, 3], 0.0298]
[[0, 33, 2], 0.0294]
[[0, 34, 1], 0.029]
[[0, 18, 18], 0.0329]
[[0, 19, 17], 0.0329]
[[0, 20, 16], 0.1824]
[[0, 21, 15], 0.0327]
[[0, 22, 14], 0.0325]
[[0, 23, 13], 0.0323]
[[0, 24, 12], 0.0321]
[[0, 25, 11], 0.0318]
[[0, 26, 10], 0.0315]
[[0, 27, 9], 0.0312]
[[0, 28, 8], 0.0308]
[[0, 29, 7], 0.0305]
[[0, 30, 6], 0.0301]
[[0, 31, 5], 0.0297]
[[0, 32, 4], 0.0293]
[[0, 33, 3], 0.0289]
[[0, 34, 2], 0.0286]
[[0, 35, 1], 0.0282]
[[0, 19, 18], 0.032]
[[0, 20, 17], 0.032]
[[0, 21, 16], 0.0319]
[[0, 22, 15], 0.0318]
[[0, 23, 14], 0.0316]
[[0, 24, 13], 0.0314]
[[0, 25, 12], 0.0311]
[[0, 26, 11], 0.0309]
[[0, 27, 10], 0.0306]
[[0, 28, 9], 0.0302]
[[0, 29, 8], 0.0299]
[[0, 30, 7], 0.0296]
[[0, 31, 6], 0.0292]
[[0, 32, 5], 0.0289]
[[0, 33, 4], 0.0285]
[[0, 34, 3], 0.0281]
[[0, 35, 2], 0.0278]
[[0, 36, 1], 0.0274]
[[0, 19, 19], 0.0312]
[[0, 20, 18], 0.0312]
[[0, 21, 17], 0.0311]
[[0, 22, 16], 0.031]
[[0, 23, 15], 0.0309]
[[0, 24, 14], 0.0307]
[[0, 25, 13], 0.0305]
[[0, 26, 12], 0.0302]
[[0, 27, 11], 0.03]
[[0, 28, 10], 0.0297]
[[0, 29, 9], 0.0294]
[[0, 30, 8], 0.0291]
[[0, 31, 7], 0.0287]
[[0, 32, 6], 0.0284]
[[0, 33, 5], 0.0281]
[[0, 34, 4], 0.0277]
[[0, 35, 3], 0.0274]
[[0, 36, 2], 0.027]
[[0, 37, 1], 0.0267]
[[0, 20, 19], 0.0304]
[[0, 21, 18], 0.0303]
[[0, 22, 17], 0.0303]
[[0, 23, 16], 0.0302]
[[0, 24, 15], 0.03]
[[0, 25, 14], 0.0298]
[[0, 26, 13], 0.0296]
[[0, 27, 12], 0.0294]
[[0, 28, 11], 0.0291]
[[0, 29, 10], 0.0288]
[[0, 30, 9], 0.0286]
[[0, 31, 8], 0.0282]
[[0, 32, 7], 0.0279]
[[0, 33, 6], 0.0276]
[[0, 34, 5], 0.0273]
[[0, 35, 4], 0.027]
[[0, 36, 3], 0.0266]
[[0, 37, 2], 0.0263]
[[0, 38, 1], 0.026]
[[0, 20, 20], 0.0296]
[[0, 21, 19], 0.0296]
[[0, 22, 18], 0.0296]
[[0, 23, 17], 0.0295]
[[0, 24, 16], 0.0293]
[[0, 25, 15], 0.0292]
[[0, 26, 14], 0.029]
[[0, 27, 13], 0.0288]
[[0, 28, 12], 0.0286]
[[0, 29, 11], 0.0283]
[[0, 30, 10], 0.0281]
[[0, 31, 9], 0.0278]
[[0, 32, 8], 0.0275]
[[0, 33, 7], 0.0272]
[[0, 34, 6], 0.0269]
[[0, 35, 5], 0.0266]
[[0, 36, 4], 0.0263]
[[0, 37, 3], 0.0259]
[[0, 38, 2], 0.0256]
[[0, 39, 1], 0.0253]
[[0, 21, 20], 0.0289]
[[0, 22, 19], 0.0289]
[[0, 23, 18], 0.0288]
[[0, 24, 17], 0.0287]
[[0, 25, 16], 0.0286]
[[0, 26, 15], 0.0284]
[[0, 27, 14], 0.0282]
[[0, 28, 13], 0.028]
[[0, 29, 12], 0.0278]
[[0, 30, 11], 0.0276]
[[0, 31, 10], 0.0273]
[[0, 32, 9], 0.027]
[[0, 33, 8], 0.0268]
[[0, 34, 7], 0.0265]
[[0, 35, 6], 0.0262]
[[0, 36, 5], 0.0259]
[[0, 37, 4], 0.0256]
[[0, 38, 3], 0.0253]
[[0, 39, 2], 0.025]
[[0, 40, 1], 0.0247]
[[0, 21, 21], 0.0282]
[[0, 22, 20], 0.0282]
[[0, 23, 19], 0.0282]
[[0, 24, 18], 0.0281]
[[0, 25, 17], 0.028]
[[0, 26, 16], 0.0278]
[[0, 27, 15], 0.0277]
[[0, 28, 14], 0.0275]
[[0, 29, 13], 0.0273]
[[0, 30, 12], 0.0271]
[[0, 31, 11], 0.0268]
[[0, 32, 10], 0.0266]
[[0, 33, 9], 0.0263]
[[0, 34, 8], 0.0261]
[[0, 35, 7], 0.0258]
[[0, 36, 6], 0.0255]
[[0, 37, 5], 0.0252]
[[0, 38, 4], 0.0249]
[[0, 39, 3], 0.0247]
[[0, 40, 2], 0.0244]
[[0, 41, 1], 0.0241]
[[0, 22, 21], 0.0276]
[[0, 23, 20], 0.0275]
[[0, 24, 19], 0.0275]
[[0, 25, 18], 0.0274]
[[0, 26, 17], 0.0273]
[[0, 27, 16], 0.0271]
[[0, 28, 15], 0.027]
[[0, 29, 14], 0.0268]
[[0, 30, 13], 0.0266]
[[0, 31, 12], 0.0264]
[[0, 32, 11], 0.0262]
[[0, 33, 10], 0.0259]
[[0, 34, 9], 0.0257]
[[0, 35, 8], 0.0254]
[[0, 36, 7], 0.0251]
[[0, 37, 6], 0.0249]
[[0, 38, 5], 0.0246]
[[0, 39, 4], 0.0243]
[[0, 40, 3], 0.0241]
[[0, 41, 2], 0.0238]
[[0, 42, 1], 0.0235]
[[0, 22, 22], 0.0269]
[[0, 23, 21], 0.0269]
[[0, 24, 20], 0.0269]
[[0, 25, 19], 0.0268]
[[0, 26, 18], 0.0267]
[[0, 27, 17], 0.0266]
[[0, 28, 16], 0.0265]
[[0, 29, 15], 0.0263]
[[0, 30, 14], 0.0261]
[[0, 31, 13], 0.0259]
[[0, 32, 12], 0.0257]
[[0, 33, 11], 0.0255]
[[0, 34, 10], 0.0253]
[[0, 35, 9], 0.025]
[[0, 36, 8], 0.0248]
[[0, 37, 7], 0.0245]
[[0, 38, 6], 0.0243]
[[0, 39, 5], 0.024]
[[0, 40, 4], 0.0238]
[[0, 41, 3], 0.0235]
[[0, 42, 2], 0.0232]
[[0, 43, 1], 0.023]
[[0, 23, 22], 0.0263]
[[0, 24, 21], 0.0263]
[[0, 25, 20], 0.0263]
[[0, 26, 19], 0.0262]
[[0, 27, 18], 0.0261]
[[0, 28, 17], 0.026]
[[0, 29, 16], 0.0258]
[[0, 30, 15], 0.0257]
[[0, 31, 14], 0.0255]
[[0, 32, 13], 0.0253]
[[0, 33, 12], 0.0251]
[[0, 34, 11], 0.0249]
[[0, 35, 10], 0.0247]
[[0, 36, 9], 0.0244]
[[0, 37, 8], 0.0242]
[[0, 38, 7], 0.024]
[[0, 39, 6], 0.0237]
[[0, 40, 5], 0.0239]
[[0, 41, 4], 0.0232]
[[0, 42, 3], 0.023]
[[0, 43, 2], 0.0227]
[[0, 44, 1], 0.0225]
[[0, 23, 23], 0.0258]
[[0, 24, 22], 0.0258]
[[0, 25, 21], 0.0257]
[[0, 26, 20], 0.0257]
[[0, 27, 19], 0.0256]
[[0, 28, 18], 0.0255]
[[0, 29, 17], 0.0253]
[[0, 30, 16], 0.0252]
[[0, 31, 15], 0.025]
[[0, 32, 14], 0.0249]
[[0, 33, 13], 0.0247]
[[0, 34, 12], 0.0245]
[[0, 35, 11], 0.0243]
[[0, 36, 10], 0.0241]
[[0, 37, 9], 0.0239]
[[0, 38, 8], 0.0236]
[[0, 39, 7], 0.0234]
[[0, 40, 6], 0.0232]
[[0, 41, 5], 0.0229]
[[0, 42, 4], 0.0227]
[[0, 43, 3], 0.0225]
[[0, 44, 2], 0.0222]
[[0, 45, 1], 0.022]
[[0, 24, 23], 0.0252]
[[0, 25, 22], 0.0252]
[[0, 26, 21], 0.0251]
[[0, 27, 20], 0.0251]
[[0, 28, 19], 0.025]
[[0, 29, 18], 0.0249]
[[0, 30, 17], 0.0248]
[[0, 31, 16], 0.0246]
[[0, 32, 15], 0.0245]
[[0, 33, 14], 0.0243]
[[0, 34, 13], 0.0241]
[[0, 35, 12], 0.0239]
[[0, 36, 11], 0.0237]
[[0, 37, 10], 0.0235]
[[0, 38, 9], 0.0233]
[[0, 39, 8], 0.0231]
[[0, 40, 7], 0.0229]
[[0, 41, 6], 0.0226]
[[0, 42, 5], 0.0224]
[[0, 43, 4], 0.0222]
[[0, 44, 3], 0.022]
[[0, 45, 2], 0.0217]
[[0, 46, 1], 0.0215]
[[0, 24, 24], 0.0247]
[[0, 25, 23], 0.0247]
[[0, 26, 22], 0.0246]
[[0, 27, 21], 0.0246]
[[0, 28, 20], 0.0245]
[[0, 29, 19], 0.0244]
[[0, 30, 18], 0.0243]
[[0, 31, 17], 0.0242]
[[0, 32, 16], 0.0241]
[[0, 33, 15], 0.0239]
[[0, 34, 14], 0.0237]
[[0, 35, 13], 0.0236]
[[0, 36, 12], 0.0234]
[[0, 37, 11], 0.0232]
[[0, 38, 10], 0.023]
[[0, 39, 9], 0.0228]
[[0, 40, 8], 0.0226]
[[0, 41, 7], 0.0224]
[[0, 42, 6], 0.0221]
[[0, 43, 5], 0.0219]
[[0, 44, 4], 0.0217]
[[0, 45, 3], 0.0215]
[[0, 46, 2], 0.0213]
[[0, 47, 1], 0.0211]
[[0, 25, 24], 0.0242]
[[0, 26, 23], 0.0242]
[[0, 27, 22], 0.0241]
[[0, 28, 21], 0.0241]
[[0, 29, 20], 0.024]
[[0, 30, 19], 0.0239]
[[0, 31, 18], 0.0238]
[[0, 32, 17], 0.0237]
[[0, 33, 16], 0.0235]
[[0, 34, 15], 0.0234]
[[0, 35, 14], 0.0232]
[[0, 36, 13], 0.023]
[[0, 37, 12], 0.0229]
[[0, 38, 11], 0.0227]
[[0, 39, 10], 0.0225]
[[0, 40, 9], 0.0223]
[[0, 41, 8], 0.0221]
[[0, 42, 7], 0.0219]
[[0, 43, 6], 0.0217]
[[0, 44, 5], 0.0215]
[[0, 45, 4], 0.0212]
[[0, 46, 3], 0.021]
[[0, 47, 2], 0.2581]
[[0, 48, 1], 0.0206]
[[0, 25, 25], 0.0237]
[[0, 26, 24], 0.0237]
[[0, 27, 23], 0.0237]
[[0, 28, 22], 0.0236]
[[0, 29, 21], 0.0236]
[[0, 30, 20], 0.0235]
[[0, 31, 19], 0.0234]
[[0, 32, 18], 0.0233]
[[0, 33, 17], 0.0231]
[[0, 34, 16], 0.023]
[[0, 35, 15], 0.0229]
[[0, 36, 14], 0.0227]
[[0, 37, 13], 0.0225]
[[0, 38, 12], 0.0224]
[[0, 39, 11], 0.0222]
[[0, 40, 10], 0.022]
[[0, 41, 9], 0.0218]
[[0, 42, 8], 0.0216]
[[0, 43, 7], 0.0214]
[[0, 44, 6], 0.0212]
[[0, 45, 5], 0.021]
[[0, 46, 4], 0.0208]
[[0, 47, 3], 0.0206]
[[0, 48, 2], 0.0204]
[[0, 49, 1], 0.0202]
[[0, 26, 25], 0.0232]
[[0, 27, 24], 0.0232]
[[0, 28, 23], 0.0232]
[[0, 29, 22], 0.0231]
[[0, 30, 21], 0.0231]
[[0, 31, 20], 0.023]
[[0, 32, 19], 0.0229]
[[0, 33, 18], 0.0228]
[[0, 34, 17], 0.0226]
[[0, 35, 16], 0.0225]
[[0, 36, 15], 0.0224]
[[0, 37, 14], 0.0222]
[[0, 38, 13], 0.022]
[[0, 39, 12], 0.0219]
[[0, 40, 11], 0.0217]
[[0, 41, 10], 0.0215]
[[0, 42, 9], 0.0213]
[[0, 43, 8], 0.0211]
[[0, 44, 7], 0.021]
[[0, 45, 6], 0.0208]
[[0, 46, 5], 0.0206]
[[0, 47, 4], 0.0204]
[[0, 48, 3], 0.0202]
[[0, 49, 2], 0.02]
[[0, 50, 1], 0.0198]
[[0, 26, 26], 0.0228]
[[0, 27, 25], 0.0228]
[[0, 28, 24], 0.0228]
[[0, 29, 23], 0.0227]
[[0, 30, 22], 0.0227]
[[0, 31, 21], 0.0226]
[[0, 32, 20], 0.0225]
[[0, 33, 19], 0.0224]
[[0, 34, 18], 0.0223]
[[0, 35, 17], 0.0222]
[[0, 36, 16], 0.022]
[[0, 37, 15], 0.0219]
[[0, 38, 14], 0.0217]
[[0, 39, 13], 0.0216]
[[0, 40, 12], 0.0214]
[[0, 41, 11], 0.0212]
[[0, 42, 10], 0.0211]
[[0, 43, 9], 0.0209]
[[0, 44, 8], 0.0207]
[[0, 45, 7], 0.0205]
[[0, 46, 6], 0.0203]
[[0, 47, 5], 0.0202]
[[0, 48, 4], 0.02]
[[0, 49, 3], 0.0198]
[[0, 50, 2], 0.0196]
[[0, 51, 1], 0.0194]
[[0, 27, 26], 0.0224]
[[0, 28, 25], 0.0223]
[[0, 29, 24], 0.0223]
[[0, 30, 23], 0.0223]
[[0, 31, 22], 0.0222]
[[0, 32, 21], 0.0221]
[[0, 33, 20], 0.022]
[[0, 34, 19], 0.0219]
[[0, 35, 18], 0.0218]
[[0, 36, 17], 0.0217]
[[0, 37, 16], 0.0216]
[[0, 38, 15], 0.0214]
[[0, 39, 14], 0.0213]
[[0, 40, 13], 0.0211]
[[0, 41, 12], 0.021]
[[0, 42, 11], 0.0208]
[[0, 43, 10], 0.0206]
[[0, 44, 9], 0.0205]
[[0, 45, 8], 0.0203]
[[0, 46, 7], 0.0201]
[[0, 47, 6], 0.0199]
[[0, 48, 5], 0.0198]
[[0, 49, 4], 0.0196]
[[0, 50, 3], 0.0194]
[[0, 51, 2], 0.0192]
[[0, 52, 1], 0.019]
[[0, 27, 27], 0.0219]
[[0, 28, 26], 0.0219]
[[0, 29, 25], 0.0219]
[[0, 30, 24], 0.0219]
[[0, 31, 23], 0.0218]
[[0, 32, 22], 0.0218]
[[0, 33, 21], 0.0217]
[[0, 34, 20], 0.0216]
[[0, 35, 19], 0.0215]
[[0, 36, 18], 0.0214]
[[0, 37, 17], 0.0213]
[[0, 38, 16], 0.0211]
[[0, 39, 15], 0.021]
[[0, 40, 14], 0.0209]
[[0, 41, 13], 0.0207]
[[0, 42, 12], 0.0205]
[[0, 43, 11], 0.0204]
[[0, 44, 10], 0.0202]
[[0, 45, 9], 0.0201]
[[0, 46, 8], 0.0199]
[[0, 47, 7], 0.0197]
[[0, 48, 6], 0.0196]
[[0, 49, 5], 0.0194]
[[0, 50, 4], 0.0192]
[[0, 51, 3], 0.019]
[[0, 52, 2], 0.0189]
[[0, 53, 1], 0.0187]
[[0, 28, 27], 0.0215]
[[0, 29, 26], 0.0215]
[[0, 30, 25], 0.0215]
[[0, 31, 24], 0.0215]
[[0, 32, 23], 0.0214]
[[0, 33, 22], 0.0213]
[[0, 34, 21], 0.0213]
[[0, 35, 20], 0.0212]
[[0, 36, 19], 0.0211]
[[0, 37, 18], 0.021]
[[0, 38, 17], 0.0208]
[[0, 39, 16], 0.0207]
[[0, 40, 15], 0.0206]
[[0, 41, 14], 0.0204]
[[0, 42, 13], 0.0203]
[[0, 43, 12], 0.0201]
[[0, 44, 11], 0.02]
[[0, 45, 10], 0.0198]
[[0, 46, 9], 0.0197]
[[0, 47, 8], 0.0195]
[[0, 48, 7], 0.0193]
[[0, 49, 6], 0.0192]
[[0, 50, 5], 0.019]
[[0, 51, 4], 0.0188]
[[0, 52, 3], 0.0187]
[[0, 53, 2], 0.0185]
[[0, 54, 1], 0.0183]
[[0, 28, 28], 0.0212]
[[0, 29, 27], 0.0212]
[[0, 30, 26], 0.0211]
[[0, 31, 25], 0.0211]
[[0, 32, 24], 0.0211]
[[0, 33, 23], 0.021]
[[0, 34, 22], 0.0209]
[[0, 35, 21], 0.0208]
[[0, 36, 20], 0.0208]
[[0, 37, 19], 0.0207]
[[0, 38, 18], 0.0205]
[[0, 39, 17], 0.0204]
[[0, 40, 16], 0.0203]
[[0, 41, 1