[[8, 12, 6, 1], 0.03125050221569836]
[[10, 9, 6, 1], 0.033037963848983054]
[[12, 6, 6, 1], 0.03492909929832422]
[[12, 5, 6, 1], 0.03655563410211471]
[[11, 5, 6, 1], 0.13035028975672602]
[[13, 2, 6, 1], 0.11190847646569282]
[[12, 2, 6, 1], 0.12898232033801094]
[[13, 2, 4, 1], 0.15376939923834776]
[[12, 2, 4, 1], 0.31982069977217886]
[[13, 1, 3, 1], 0.2202698974993204]
[[13, 0, 3, 1], 0.4044436365550625]
[[12, 0, 3, 1], 0.4835956462064088]
[[11, 0, 3, 1], 0.29051578629511926]
[[11, 0, 2, 1], 0.9500436047123232]
[[10, 0, 2, 1], 0.9651432601307397]
[[10, 0, 1, 1], 0.401540434604819]
[[9, 0, 1, 1], 0.24618160785026405]
[[8, 0, 1, 1], 0.47721159314962475]
[[8, 0, 1, 0], 0.2808770455279084]
[[7, 0, 1, 0], 0.7351924823544046]
[[6, 0, 1, 0], 0.23563396064172254]
[[5, 1, 0, 0], 0.33333333336940996]
[[5, 0, 0, 0], 0.42469390784629263]
[[4, 0, 0, 0], -1]
