[[8, 24, 24, 8], 0.009259260494990734]
[[10, 21, 24, 8], 0.009573973223980216]
[[10, 20, 24, 8], 0.009654065286120572]
[[12, 17, 24, 8], 0.00995930173287679]
[[14, 14, 24, 8], 0.010324180335207874]
[[13, 15, 23, 8], 0.2509294798969776]
[[13, 14, 23, 8], 0.4535156370399264]
[[13, 13, 23, 8], 0.03545796731731849]
[[14, 11, 23, 8], 0.2898821589098]
[[14, 10, 23, 8], 0.08495269268259137]
[[16, 7, 23, 8], 0.5222718575147298]
[[15, 7, 23, 8], 0.8343564283511471]
[[16, 9, 19, 8], 0.03102896157565399]
[[16, 8, 19, 8], 0.23667042547379027]
[[15, 9, 18, 8], 0.299505938070913]
[[15, 9, 17, 8], 0.001590110665797321]
[[15, 10, 15, 8], 0.5690844031674336]
[[15, 11, 13, 8], 0.6914710282408223]
[[14, 11, 13, 8], 0.007184200080329436]
[[15, 9, 13, 8], 0.10205232451690617]
[[16, 9, 11, 8], 0.1250219927505703]
[[19, 6, 10, 8], 0.21316036456771634]
[[20, 5, 9, 8], 0.3138352202207438]
[[19, 5, 9, 8], 0.08833371509028241]
[[19, 4, 9, 8], 0.8028244179415261]
[[18, 6, 7, 8], 0.07902659295085523]
[[19, 6, 5, 8], 0.30700583428392264]
[[19, 7, 3, 8], 0.7836653124852794]
[[19, 6, 3, 8], 0.41422328842047607]
[[20, 4, 3, 8], 0.007060938171523199]
[[19, 4, 3, 8], 0.838357941485693]
[[19, 3, 3, 8], 0.7515015125088064]
[[18, 3, 3, 8], 0.0022942948595301048]
[[17, 4, 2, 8], 0.16041503850684083]
[[17, 4, 1, 8], 0.5242900001950067]
[[16, 4, 1, 8], 0.1466792940492077]
[[16, 3, 1, 8], 0.2821274086697559]
[[17, 1, 1, 8], 0.32814582493836164]
[[16, 1, 1, 8], 0.08865860840026032]
[[15, 1, 1, 8], 0.19197497863150487]
[[14, 1, 1, 8], 0.27510413004576956]
[[13, 1, 3, 6], 0.06723312992694216]
[[14, 0, 2, 6], 0.1515856957287072]
[[13, 0, 2, 6], 0.19625385106616003]
[[12, 1, 1, 6], 0.002404050798136698]
[[11, 2, 1, 5], 0.03461977134733427]
[[11, 3, 0, 4], 0.16732203557048558]
[[11, 2, 0, 4], 0.08837661436483912]
[[10, 2, 0, 4], 0.035660861443655545]
[[9, 2, 1, 3], 0.0423968529742906]
[[9, 2, 1, 2], 0.004364625537306969]
[[8, 2, 1, 2], 0.03129160615980923]
[[8, 3, 0, 1], 0.0020549464276130736]
[[8, 2, 0, 1], 0.006108305888746692]
[[7, 2, 0, 1], 0.8689580452977255]
[[7, 1, 0, 1], 0.005162215673641336]
[[6, 1, 1, 0], 0.0050085992502995535]
[[6, 1, 0, 0], 0.03670661467706158]
[[5, 1, 0, 0], 0.29356078750191195]
[[5, 0, 0, 0], -1]
[[8, 24, 24, 8], 0.009259261015685638]
[[10, 21, 24, 8], 0.009573981344302318]
[[12, 18, 24, 8], 0.009879949563362495]
[[14, 15, 24, 8], 0.01019599546672529]
[[13, 15, 24, 8], 0.01027259381167088]
[[13, 14, 24, 8], 0.01265247932786534]
[[15, 11, 24, 8], 0.01291396742244566]
[[15, 11, 23, 8], 0.015203065049058582]
[[16, 9, 23, 8], 0.05139838657474602]
[[16, 8, 23, 8], 0.09400544065103275]
[[15, 9, 22, 8], 0.10476774612248406]
[[15, 8, 22, 8], 0.09257373934358916]
[[17, 5, 22, 8], 0.048242784441795535]
[[16, 5, 22, 8], 0.04752915020583205]
[[15, 5, 22, 8], 0.05368934165488084]
[[15, 4, 22, 8], 0.061260432627098224]
[[15, 7, 18, 8], 0.0068925838784791105]
[[14, 7, 18, 8], 0.12964583838744662]
[[15, 10, 13, 8], 0.10517011880052007]
[[16, 10, 11, 8], 0.1032786390919299]
[[17, 11, 8, 8], 0.111841540648274]
[[17, 13, 5, 8], 0.030706825614668212]
[[18, 11, 5, 8], 0.16706127898249107]
[[18, 10, 5, 8], 0.3688122250799253]
[[17, 10, 5, 8], 0.8632869402509007]
[[17, 9, 5, 8], 0.1616861470365627]
[[16, 10, 4, 8], 0.11165806874295597]
[[18, 7, 4, 8], 0.3806195864509682]
[[17, 7, 4, 8], 0.25376932390185036]
[[18, 5, 6, 6], 0.5961609302223437]
[[18, 4, 6, 6], 0.15569377361264938]
[[20, 2, 5, 6], 0.19086544369104505]
[[19, 2, 5, 6], 0.27809357159791587]
[[18, 2, 5, 6], 0.4500692706621134]
[[17, 2, 5, 6], 0.08601280427399621]
[[16, 2, 5, 6], 0.15638250004100004]
[[15, 2, 5, 6], 0.9422057873479025]
[[14, 3, 4, 6], 0.8462202031613643]
[[15, 2, 3, 6], 0.0738825794786922]
[[14, 2, 3, 6], 0.742363037708659]
[[13, 2, 3, 6], 0.5034783480904252]
[[13, 2, 2, 6], 0.3521609074472682]
[[12, 2, 2, 6], 0.11475778522659888]
[[11, 4, 0, 6], 0.10924285938126017]
[[10, 4, 0, 6], 0.5845071543730271]
[[10, 3, 2, 4], 0.01787775840009428]
[[9, 3, 2, 4], 0.026838652252802606]
[[8, 3, 2, 4], 0.007747091146810161]
[[7, 3, 2, 4], 0.011785897424114346]
[[7, 3, 3, 2], 0.21527935490597516]
[[7, 3, 4, 0], 0.018817612228513463]
[[8, 2, 3, 0], 0.03996490041343113]
[[8, 2, 2, 0], 0.03671339766804933]
[[8, 1, 2, 0], 0.0016678500225468876]
[[7, 2, 1, 0], 0.6768725338297086]
[[7, 2, 0, 0], -1]
[[7, 1, 0, 0], 0.02974178011420116]
[[6, 1, 0, 0], -1]
[[5, 1, 0, 0], -1]
