[[8, 24, 24, 8], 0.009259259821959631]
[[10, 21, 24, 8], 0.009573973235013383]
[[12, 18, 24, 8], 0.009879949583805142]
[[14, 15, 24, 8], 0.010195995499486799]
[[13, 15, 24, 8], 0.012341335237140143]
[[15, 12, 24, 8], 0.012279788773041811]
[[15, 11, 24, 8], 0.053356574925115294]
[[16, 9, 24, 8], 0.08067043491080184]
[[16, 8, 24, 8], 0.1404256727143604]
[[15, 9, 23, 8], 0.25068699084291496]
[[15, 9, 22, 8], 0.0776292141717807]
[[14, 9, 22, 8], 0.07566278695604736]
[[15, 10, 19, 8], 0.8000683236092637]
[[14, 10, 19, 8], 0.4760528400298186]
[[14, 11, 17, 8], 0.46478356312701274]
[[14, 10, 17, 8], 0.32625597311004206]
[[13, 10, 17, 8], 0.6745407798413775]
[[14, 9, 16, 8], 0.13911011747414093]
[[15, 10, 13, 8], 0.19357094143028428]
[[16, 8, 13, 8], 0.4394333014741689]
[[16, 7, 13, 8], 0.869008979327171]
[[15, 7, 13, 8], 0.21371345462489766]
[[16, 5, 13, 8], 0.17734158131776662]
[[18, 2, 13, 8], 0.8034255948183966]
[[18, 1, 13, 8], 0.6462154172895038]
[[17, 1, 13, 8], 0.240339729328874]
[[18, 2, 10, 8], 0.5073229388496915]
[[17, 2, 10, 8], 0.8471969252116014]
[[17, 4, 7, 8], 0.23952114888066656]
[[16, 5, 6, 8], 0.0059611683106429595]
[[16, 5, 5, 8], 0.041989447442266355]
[[16, 4, 5, 8], 0.45912533903778485]
[[17, 3, 4, 8], 0.05014015278471241]
[[18, 3, 2, 8], 0.019624303801462642]
[[17, 3, 2, 8], 0.03842834725408274]
[[17, 2, 2, 8], 0.21792571679828313]
[[16, 2, 2, 8], 0.03143223822241345]
[[15, 2, 2, 8], 0.0501103470034211]
[[16, 2, 0, 8], 0.04411090187255078]
[[15, 2, 1, 7], 0.05499538475526921]
[[14, 2, 1, 7], 0.397327068656803]
[[13, 2, 1, 7], 0.05427852173874951]
[[14, 0, 1, 7], 0.27940128221079813]
[[13, 0, 1, 7], 0.1783664589402762]
[[12, 0, 1, 7], 0.16091569497491823]
[[11, 0, 1, 7], 0.11813253750216342]
[[10, 0, 1, 7], 0.42674459661939446]
[[9, 0, 1, 7], 0.04534979857373942]
[[8, 0, 1, 7], 0.14865750753662088]
[[9, 0, 2, 4], 0.08513876697288339]
[[8, 1, 2, 3], 0.0029476612082691487]
[[7, 1, 2, 3], 0.03246105772126891]
[[7, 1, 1, 3], 0.0015430233630207252]
[[6, 1, 1, 3], 0.01393058811566321]
[[6, 1, 0, 3], 0.0013867399605074413]
[[6, 3, 0, 0], 0.003575560809316356]
[[5, 3, 0, 0], 0.0068659820856256425]
[[6, 1, 0, 0], -1]
[[6, 0, 0, 0], -1]
[[5, 0, 0, 0], -1]
[[4, 0, 0, 0], -1]
