[[[0, 0, 0], [3, 0, 0], [3, 3, 0], [0, 3, 0], [0, 0, 3], [3, 0, 3], [3, 3, 3], [0, 3, 3]], 0.009259260494990734]
[[[0, 0, 1], [3, 3, 3], [0, 0, 3], [0, 1, 0], [3, 3, 0], [3, 0, 3], [3, 0, 0], [1, 0, 0], [0, 3, 3], [0, 3, 0]], 0.009573973223980216]
[[[0, 0, 1], [3, 3, 3], [0, 0, 3], [3, 3, 0], [3, 0, 3], [3, 0, 0], [0, 2, 0], [1, 0, 0], [0, 3, 3], [0, 3, 0]], 0.009654065286120572]
[[[0, 0, 1], [3, 3, 3], [0, 0, 3], [3, 3, 0], [3, 1, 0], [3, 0, 3], [0, 2, 0], [3, 0, 1], [2, 0, 0], [1, 0, 0], [0, 3, 0], [0, 3, 3]], 0.00995930173287679]
[[[0, 0, 1], [3, 3, 2], [0, 0, 3], [3, 3, 0], [3, 2, 3], [3, 1, 0], [0, 2, 0], [3, 0, 3], [3, 0, 1], [2, 3, 3], [0, 3, 0], [2, 0, 0], [1, 0, 0], [0, 3, 3]], 0.010324180335207874]
[[[0, 0, 1], [3, 3, 2], [0, 0, 3], [3, 3, 0], [3, 2, 3], [3, 1, 0], [0, 2, 0], [3, 0, 3], [3, 0, 1], [2, 3, 3], [0, 3, 0], [2, 0, 0], [0, 3, 3]], 0.2509294798969776]
[[[0, 0, 1], [3, 3, 2], [0, 0, 3], [3, 3, 0], [3, 2, 3], [3, 1, 0], [0, 2, 0], [3, 0, 3], [3, 0, 1], [2, 0, 0], [0, 3, 0], [1, 3, 3], [0, 3, 3]], 0.4535156370399264]
[[[0, 0, 1], [3, 3, 2], [0, 0, 3], [3, 3, 0], [3, 2, 3], [3, 1, 0], [3, 0, 3], [3, 0, 1], [2, 0, 0], [0, 3, 0], [1, 3, 3], [1, 1, 0], [0, 3, 3]], 0.03545796731731849]
[[[0, 0, 1], [3, 3, 2], [0, 0, 3], [3, 3, 0], [3, 2, 3], [3, 1, 0], [3, 0, 3], [3, 0, 1], [0, 2, 3], [0, 3, 0], [2, 0, 0], [0, 3, 2], [1, 3, 3], [1, 1, 0]], 0.2898821589098]
[[[0, 0, 1], [3, 3, 2], [0, 0, 3], [3, 3, 0], [3, 2, 3], [3, 1, 0], [3, 0, 3], [3, 0, 1], [0, 2, 3], [0, 3, 0], [0, 3, 1], [2, 0, 0], [1, 3, 3], [1, 1, 0]], 0.08495269268259137]
[[[0, 0, 1], [0, 0, 2], [3, 3, 2], [3, 3, 0], [0, 1, 3], [3, 2, 3], [3, 1, 0], [0, 2, 3], [0, 3, 0], [0, 3, 1], [3, 0, 3], [3, 0, 1], [1, 0, 3], [1, 1, 0], [2, 0, 0], [1, 3, 3]], 0.5222718575147298]
[[[0, 0, 1], [3, 3, 2], [3, 3, 0], [0, 1, 3], [3, 2, 3], [3, 1, 0], [0, 2, 3], [0, 3, 0], [0, 3, 1], [3, 0, 3], [3, 0, 1], [1, 0, 3], [1, 1, 0], [2, 0, 0], [1, 3, 3]], 0.8343564283511471]
[[[0, 1, 1], [3, 3, 2], [0, 1, 3], [3, 3, 0], [3, 2, 3], [0, 2, 3], [0, 3, 0], [0, 3, 1], [1, 0, 1], [3, 1, 0], [1, 0, 3], [1, 1, 0], [3, 0, 3], [3, 0, 1], [2, 0, 0], [1, 3, 3]], 0.03102896157565399]
[[[0, 1, 1], [3, 3, 2], [0, 1, 3], [3, 3, 0], [3, 2, 3], [0, 2, 3], [0, 3, 0], [0, 3, 1], [1, 0, 1], [3, 1, 0], [1, 0, 3], [1, 1, 0], [3, 0, 3], [3, 0, 2], [2, 0, 0], [1, 3, 3]], 0.23667042547379027]
[[[0, 1, 1], [3, 3, 2], [0, 1, 3], [3, 3, 0], [3, 2, 3], [0, 3, 0], [0, 3, 1], [1, 0, 1], [3, 1, 0], [1, 0, 3], [1, 1, 0], [3, 0, 3], [3, 0, 2], [2, 0, 0], [1, 3, 3]], 0.299505938070913]
[[[0, 1, 1], [3, 3, 2], [0, 1, 3], [3, 3, 0], [3, 1, 3], [0, 3, 0], [0, 3, 1], [1, 0, 1], [3, 1, 0], [1, 0, 3], [1, 1, 0], [3, 0, 3], [3, 0, 2], [2, 0, 0], [1, 3, 3]], 0.001590110665797321]
[[[0, 1, 1], [3, 3, 2], [0, 1, 3], [3, 3, 0], [3, 1, 3], [0, 3, 0], [0, 3, 1], [1, 0, 1], [3, 1, 0], [1, 0, 3], [1, 1, 0], [3, 0, 3], [3, 0, 2], [2, 0, 1], [1, 3, 3]], 0.5690844031674336]
[[[0, 1, 1], [3, 3, 1], [0, 1, 3], [3, 3, 0], [3, 1, 3], [0, 3, 0], [0, 3, 1], [1, 0, 1], [3, 1, 0], [1, 0, 3], [1, 1, 0], [3, 0, 3], [3, 0, 2], [2, 0, 1], [1, 3, 3]], 0.6914710282408223]
[[[0, 1, 1], [3, 3, 1], [0, 1, 3], [3, 3, 0], [3, 1, 3], [0, 3, 0], [0, 3, 1], [1, 0, 1], [3, 1, 0], [1, 0, 3], [1, 1, 0], [3, 0, 3], [2, 0, 1], [1, 3, 3]], 0.007184200080329436]
[[[0, 1, 1], [3, 3, 1], [0, 1, 3], [3, 2, 0], [3, 1, 3], [0, 3, 0], [0, 3, 1], [1, 0, 1], [3, 1, 0], [1, 0, 3], [1, 1, 0], [3, 0, 3], [2, 3, 0], [2, 0, 1], [1, 3, 3]], 0.10205232451690617]
[[[0, 1, 1], [0, 1, 2], [3, 3, 1], [0, 2, 2], [0, 3, 0], [0, 3, 1], [1, 0, 1], [3, 2, 0], [1, 0, 3], [1, 1, 0], [3, 1, 3], [3, 1, 0], [3, 0, 3], [2, 3, 0], [2, 0, 1], [1, 3, 3]], 0.1250219927505703]
[[[0, 1, 1], [0, 1, 2], [3, 3, 1], [0, 2, 2], [0, 3, 0], [0, 3, 1], [1, 0, 1], [3, 2, 0], [1, 0, 3], [1, 1, 0], [3, 1, 3], [3, 1, 0], [3, 0, 3], [2, 3, 2], [2, 3, 0], [2, 2, 3], [1, 2, 3], [2, 0, 1], [1, 3, 2]], 0.21316036456771634]
[[[0, 1, 1], [0, 1, 2], [3, 3, 1], [0, 2, 2], [0, 3, 0], [0, 3, 1], [1, 0, 1], [3, 2, 0], [1, 0, 3], [1, 1, 0], [3, 1, 3], [3, 1, 1], [3, 0, 3], [2, 3, 2], [2, 3, 0], [2, 2, 3], [1, 2, 3], [2, 1, 0], [2, 0, 1], [1, 3, 2]], 0.3138352202207438]
[[[0, 1, 1], [0, 1, 2], [3, 3, 1], [0, 2, 2], [0, 3, 0], [0, 3, 1], [1, 0, 1], [3, 2, 0], [1, 0, 3], [1, 1, 0], [3, 1, 3], [3, 1, 1], [3, 0, 3], [2, 3, 2], [2, 3, 0], [2, 1, 0], [1, 2, 3], [2, 0, 1], [1, 3, 2]], 0.08833371509028241]
[[[0, 1, 1], [0, 1, 2], [3, 3, 1], [0, 2, 2], [0, 3, 0], [0, 3, 1], [1, 0, 1], [3, 2, 0], [1, 0, 3], [1, 1, 0], [3, 1, 3], [3, 1, 1], [3, 0, 3], [2, 3, 2], [2, 1, 0], [2, 0, 1], [1, 2, 3], [1, 3, 0], [1, 3, 2]], 0.8028244179415261]
[[[0, 1, 1], [0, 1, 2], [3, 3, 1], [0, 2, 2], [0, 3, 1], [1, 0, 1], [3, 2, 0], [1, 0, 3], [1, 1, 0], [3, 1, 3], [3, 1, 1], [3, 0, 3], [2, 3, 2], [2, 1, 0], [2, 0, 1], [1, 2, 3], [1, 3, 0], [1, 3, 2]], 0.07902659295085523]
[[[0, 1, 1], [0, 1, 2], [3, 2, 2], [0, 2, 2], [0, 3, 1], [1, 0, 1], [3, 2, 0], [1, 0, 3], [1, 1, 0], [3, 1, 3], [3, 1, 1], [3, 0, 3], [2, 3, 2], [2, 3, 1], [2, 1, 0], [1, 2, 3], [1, 3, 0], [2, 0, 1], [1, 3, 2]], 0.30700583428392264]
[[[0, 1, 1], [0, 1, 2], [3, 2, 2], [0, 2, 2], [0, 3, 1], [1, 0, 1], [3, 2, 0], [1, 0, 3], [1, 1, 0], [3, 1, 3], [3, 1, 1], [3, 0, 3], [1, 2, 0], [2, 3, 2], [2, 3, 1], [1, 2, 3], [2, 1, 0], [1, 3, 2], [2, 0, 1]], 0.7836653124852794]
[[[0, 1, 1], [0, 1, 2], [3, 2, 2], [0, 2, 2], [0, 3, 1], [1, 0, 1], [3, 2, 0], [1, 0, 3], [1, 1, 0], [3, 1, 3], [3, 1, 1], [3, 0, 3], [1, 2, 0], [2, 3, 2], [2, 1, 0], [1, 2, 3], [1, 3, 1], [1, 3, 2], [2, 0, 1]], 0.41422328842047607]
[[[0, 1, 1], [0, 1, 2], [3, 2, 2], [0, 2, 2], [0, 3, 1], [1, 0, 1], [3, 2, 1], [1, 0, 3], [1, 1, 0], [3, 1, 3], [3, 1, 1], [3, 0, 3], [1, 2, 0], [2, 3, 2], [2, 2, 0], [1, 2, 3], [1, 3, 1], [1, 3, 2], [2, 0, 1], [2, 1, 0]], 0.007060938171523199]
[[[0, 1, 1], [0, 1, 2], [3, 2, 2], [0, 2, 2], [0, 3, 1], [1, 0, 1], [3, 2, 1], [1, 0, 3], [1, 1, 0], [3, 1, 3], [3, 1, 1], [3, 0, 3], [1, 2, 0], [2, 2, 0], [2, 1, 0], [1, 2, 3], [1, 3, 1], [1, 3, 2], [2, 0, 1]], 0.838357941485693]
[[[0, 1, 1], [0, 1, 2], [3, 2, 2], [0, 2, 2], [0, 3, 1], [1, 0, 2], [1, 0, 3], [1, 1, 0], [3, 2, 1], [3, 1, 3], [3, 1, 1], [1, 2, 0], [3, 0, 3], [2, 2, 0], [1, 2, 3], [1, 3, 1], [1, 3, 2], [2, 0, 1], [2, 1, 0]], 0.7515015125088064]
[[[0, 1, 1], [0, 1, 2], [3, 2, 2], [0, 2, 2], [0, 3, 1], [1, 0, 3], [1, 1, 0], [3, 2, 1], [3, 1, 3], [3, 1, 1], [1, 2, 0], [3, 0, 3], [2, 2, 0], [1, 2, 3], [1, 3, 1], [1, 3, 2], [2, 0, 1], [2, 1, 0]], 0.0022942948595301048]
[[[0, 1, 1], [0, 1, 2], [3, 2, 2], [0, 2, 2], [0, 3, 1], [1, 0, 3], [1, 1, 0], [3, 2, 1], [3, 1, 3], [3, 0, 3], [1, 2, 0], [2, 2, 0], [2, 1, 0], [1, 2, 3], [1, 3, 1], [1, 3, 2], [2, 0, 1]], 0.16041503850684083]
[[[0, 1, 1], [0, 1, 2], [3, 2, 2], [0, 2, 2], [0, 3, 1], [1, 0, 3], [1, 1, 0], [3, 2, 1], [3, 1, 3], [3, 0, 3], [1, 2, 0], [2, 2, 0], [2, 1, 0], [1, 2, 3], [1, 3, 1], [1, 3, 2], [2, 0, 2]], 0.5242900001950067]
[[[0, 1, 1], [0, 1, 2], [3, 2, 2], [0, 3, 1], [1, 0, 3], [1, 1, 0], [3, 2, 1], [3, 1, 3], [3, 0, 3], [1, 2, 0], [2, 2, 0], [2, 1, 0], [1, 2, 3], [1, 3, 1], [1, 3, 2], [2, 0, 2]], 0.1466792940492077]
[[[0, 1, 1], [0, 1, 2], [0, 2, 1], [1, 0, 3], [1, 1, 0], [3, 2, 2], [3, 2, 1], [3, 1, 3], [1, 2, 0], [3, 0, 3], [2, 2, 0], [1, 2, 3], [1, 3, 1], [1, 3, 2], [2, 0, 2], [2, 1, 0]], 0.2821274086697559]
[[[0, 1, 1], [0, 1, 2], [0, 2, 1], [1, 1, 0], [3, 2, 2], [3, 2, 1], [1, 1, 3], [1, 2, 0], [3, 1, 3], [3, 0, 3], [1, 2, 3], [1, 3, 1], [1, 3, 2], [2, 0, 2], [2, 0, 3], [2, 1, 0], [2, 2, 0]], 0.32814582493836164]
[[[0, 1, 1], [0, 1, 2], [0, 2, 1], [1, 1, 0], [3, 2, 2], [3, 2, 1], [1, 1, 3], [1, 2, 0], [3, 1, 3], [3, 0, 3], [1, 2, 3], [1, 3, 1], [1, 3, 2], [2, 0, 2], [2, 0, 3], [2, 1, 0]], 0.08865860840026032]
[[[0, 1, 1], [0, 1, 2], [0, 2, 1], [1, 1, 0], [3, 2, 2], [3, 2, 1], [1, 1, 3], [3, 1, 3], [3, 0, 3], [1, 2, 3], [1, 3, 1], [1, 3, 2], [2, 0, 2], [2, 0, 3], [2, 1, 0]], 0.19197497863150487]
[[[0, 1, 1], [0, 1, 2], [0, 2, 1], [1, 1, 0], [3, 2, 2], [3, 2, 1], [3, 1, 3], [3, 0, 3], [1, 2, 3], [1, 3, 1], [1, 3, 2], [2, 0, 2], [2, 0, 3], [2, 1, 0]], 0.27510413004576956]
[[[0, 1, 1], [0, 1, 2], [0, 2, 1], [1, 1, 0], [3, 2, 2], [3, 2, 1], [3, 1, 3], [3, 0, 3], [1, 2, 3], [1, 3, 2], [2, 0, 2], [2, 0, 3], [2, 1, 0]], 0.06723312992694216]
[[[0, 1, 1], [0, 1, 2], [0, 2, 1], [1, 1, 0], [3, 2, 2], [3, 1, 3], [3, 1, 2], [3, 0, 3], [1, 2, 3], [1, 3, 2], [2, 0, 2], [2, 0, 3], [2, 1, 0], [2, 2, 1]], 0.1515856957287072]
[[[0, 1, 1], [0, 1, 2], [0, 2, 1], [1, 1, 0], [3, 2, 2], [3, 1, 3], [3, 1, 2], [3, 0, 3], [1, 2, 3], [1, 3, 2], [2, 0, 3], [2, 1, 0], [2, 2, 1]], 0.19625385106616003]
[[[0, 1, 1], [0, 1, 2], [0, 2, 1], [1, 1, 0], [3, 2, 2], [3, 1, 3], [3, 1, 2], [3, 0, 3], [1, 2, 3], [1, 3, 2], [2, 1, 0], [2, 2, 1]], 0.002404050798136698]
[[[0, 1, 1], [0, 1, 2], [0, 2, 1], [1, 1, 0], [3, 2, 2], [3, 1, 3], [3, 1, 2], [3, 0, 3], [1, 2, 3], [1, 3, 2], [2, 2, 1]], 0.03461977134733427]
[[[0, 1, 1], [0, 1, 2], [0, 2, 1], [3, 2, 2], [3, 1, 3], [3, 1, 2], [3, 0, 3], [1, 2, 3], [1, 3, 2], [2, 1, 1], [2, 2, 1]], 0.16732203557048558]
[[[0, 1, 1], [0, 1, 2], [0, 2, 1], [1, 1, 1], [3, 2, 2], [3, 1, 3], [3, 1, 2], [1, 2, 3], [1, 3, 2], [3, 0, 3], [2, 2, 1]], 0.08837661436483912]
[[[0, 1, 1], [0, 1, 2], [0, 2, 1], [1, 1, 1], [3, 2, 2], [3, 1, 2], [3, 0, 3], [1, 2, 3], [1, 3, 2], [2, 2, 1]], 0.035660861443655545]
[[[0, 1, 1], [0, 2, 1], [1, 1, 1], [3, 2, 2], [3, 1, 2], [3, 0, 3], [1, 2, 3], [1, 3, 2], [2, 2, 1]], 0.0423968529742906]
[[[0, 1, 1], [0, 2, 1], [1, 1, 1], [3, 2, 2], [3, 1, 2], [3, 0, 3], [1, 3, 2], [2, 2, 1], [2, 1, 3]], 0.004364625537306969]
[[[0, 1, 1], [0, 2, 1], [3, 2, 2], [3, 1, 2], [3, 0, 3], [1, 3, 2], [2, 2, 1], [2, 1, 3]], 0.03129160615980923]
[[[0, 1, 1], [0, 2, 1], [3, 2, 2], [3, 1, 2], [1, 2, 2], [3, 0, 3], [2, 1, 3], [2, 2, 1]], 0.0020549464276130736]
[[[0, 1, 1], [0, 2, 1], [3, 2, 2], [3, 1, 2], [3, 0, 3], [2, 1, 3], [2, 2, 1], [2, 2, 2]], 0.006108305888746692]
[[[0, 1, 1], [0, 2, 1], [3, 2, 2], [3, 1, 2], [3, 0, 3], [2, 1, 3], [2, 2, 1]], 0.8689580452977255]
[[[0, 1, 1], [0, 2, 1], [3, 2, 2], [1, 2, 1], [3, 1, 2], [2, 1, 3], [3, 0, 3]], 0.005162215673641336]
[[[0, 1, 1], [0, 2, 1], [3, 2, 2], [1, 2, 1], [3, 1, 2], [2, 1, 3]], 0.0050085992502995535]
[[[0, 1, 1], [0, 2, 1], [3, 2, 2], [1, 2, 1], [2, 1, 2], [2, 1, 3]], 0.03670661467706158]
[[[0, 1, 1], [0, 2, 1], [2, 1, 3], [1, 2, 1], [2, 1, 2]], 0.29356078750191195]
[[[0, 1, 1], [0, 2, 1], [1, 1, 2], [1, 2, 1], [2, 1, 2]], -1]
[[[0, 0, 0], [3, 0, 0], [3, 3, 0], [0, 3, 0], [0, 0, 3], [3, 0, 3], [3, 3, 3], [0, 3, 3]], 0.009259261015685638]
[[[0, 0, 0], [3, 3, 3], [3, 3, 1], [0, 0, 3], [3, 2, 0], [3, 0, 3], [3, 0, 0], [2, 3, 0], [0, 3, 3], [0, 3, 0]], 0.009573981344302318]
[[[0, 0, 0], [3, 3, 3], [3, 3, 1], [0, 0, 3], [3, 2, 0], [3, 1, 0], [3, 0, 3], [3, 0, 1], [2, 3, 0], [2, 0, 0], [0, 3, 3], [0, 3, 0]], 0.009879949563362495]
[[[0, 0, 0], [3, 3, 3], [3, 3, 1], [0, 0, 3], [3, 2, 0], [3, 1, 3], [3, 1, 0], [3, 0, 2], [3, 0, 1], [2, 3, 0], [2, 0, 3], [2, 0, 0], [0, 3, 0], [0, 3, 3]], 0.01019599546672529]
[[[0, 0, 0], [3, 3, 3], [3, 3, 1], [0, 0, 3], [3, 2, 0], [3, 1, 3], [3, 1, 0], [3, 0, 1], [2, 3, 0], [2, 0, 3], [2, 0, 0], [0, 3, 3], [0, 3, 0]], 0.01027259381167088]
[[[0, 0, 0], [3, 3, 3], [3, 3, 1], [0, 0, 3], [3, 2, 0], [3, 1, 3], [3, 1, 0], [3, 0, 1], [2, 0, 3], [2, 0, 0], [1, 3, 0], [0, 3, 3], [0, 3, 0]], 0.01265247932786534]
[[[0, 0, 0], [3, 3, 3], [3, 3, 1], [0, 0, 3], [3, 2, 0], [3, 1, 3], [3, 1, 0], [3, 0, 1], [2, 0, 3], [2, 0, 0], [1, 3, 3], [0, 2, 3], [0, 3, 0], [1, 3, 0], [0, 3, 2]], 0.01291396742244566]
[[[0, 0, 0], [3, 3, 3], [3, 3, 1], [0, 0, 3], [3, 2, 0], [3, 1, 3], [3, 1, 0], [3, 0, 1], [2, 0, 0], [1, 3, 3], [1, 3, 0], [0, 2, 3], [0, 3, 0], [1, 0, 3], [0, 3, 2]], 0.015203065049058582]
[[[0, 0, 0], [3, 3, 3], [3, 3, 1], [0, 0, 3], [3, 2, 0], [3, 1, 3], [3, 1, 0], [3, 0, 1], [0, 2, 0], [2, 0, 0], [1, 3, 3], [0, 2, 3], [0, 3, 1], [0, 3, 2], [1, 3, 0], [1, 0, 3]], 0.05139838657474602]
[[[0, 0, 0], [3, 3, 3], [3, 3, 1], [0, 0, 3], [3, 2, 0], [3, 1, 3], [3, 1, 0], [3, 0, 1], [0, 2, 0], [1, 3, 3], [1, 3, 0], [0, 2, 3], [0, 3, 1], [0, 3, 2], [1, 0, 0], [1, 0, 3]], 0.09400544065103275]
[[[0, 0, 0], [3, 3, 3], [3, 3, 1], [0, 0, 3], [3, 2, 0], [3, 1, 3], [3, 0, 1], [1, 3, 3], [0, 2, 0], [1, 3, 0], [1, 0, 3], [0, 2, 3], [0, 3, 1], [0, 3, 2], [1, 0, 0]], 0.10476774612248406]
[[[0, 0, 0], [3, 3, 3], [3, 3, 1], [0, 0, 3], [3, 2, 0], [3, 1, 3], [3, 0, 1], [0, 1, 3], [0, 2, 0], [1, 3, 3], [1, 3, 0], [0, 3, 1], [0, 3, 2], [1, 0, 0], [1, 0, 3]], 0.09257373934358916]
[[[0, 0, 0], [3, 3, 2], [3, 3, 1], [0, 0, 3], [3, 2, 3], [3, 2, 0], [3, 1, 3], [0, 1, 3], [0, 2, 0], [3, 0, 1], [2, 3, 3], [0, 3, 1], [0, 3, 2], [1, 0, 0], [1, 3, 3], [1, 3, 0], [1, 0, 3]], 0.048242784441795535]
[[[0, 0, 0], [3, 3, 2], [3, 3, 1], [0, 0, 3], [3, 2, 3], [3, 2, 0], [3, 1, 3], [0, 1, 3], [0, 2, 0], [3, 0, 1], [1, 3, 3], [0, 3, 1], [0, 3, 2], [1, 0, 0], [1, 3, 0], [1, 0, 3]], 0.04752915020583205]
[[[0, 0, 0], [3, 3, 2], [3, 3, 1], [0, 0, 3], [3, 2, 3], [3, 2, 0], [3, 1, 3], [0, 1, 3], [0, 2, 0], [3, 0, 1], [1, 3, 3], [0, 3, 2], [1, 0, 0], [1, 3, 0], [1, 0, 3]], 0.05368934165488084]
[[[0, 0, 0], [3, 3, 2], [3, 3, 1], [0, 0, 3], [3, 2, 3], [3, 2, 0], [3, 1, 3], [0, 1, 3], [0, 2, 0], [3, 0, 1], [2, 0, 2], [0, 3, 2], [1, 0, 0], [1, 3, 3], [1, 3, 0]], 0.061260432627098224]
[[[0, 0, 0], [3, 3, 2], [3, 3, 1], [0, 0, 3], [3, 2, 3], [3, 2, 0], [3, 1, 3], [0, 1, 3], [0, 2, 0], [3, 0, 1], [2, 0, 2], [0, 3, 2], [1, 0, 0], [1, 3, 0], [1, 2, 3]], 0.0068925838784791105]
[[[0, 0, 0], [3, 3, 2], [3, 3, 1], [0, 0, 3], [3, 2, 3], [3, 2, 0], [3, 1, 3], [0, 2, 0], [3, 0, 1], [2, 0, 2], [0, 3, 2], [1, 0, 0], [1, 3, 0], [1, 2, 3]], 0.12964583838744662]
[[[0, 0, 0], [3, 3, 2], [0, 0, 2], [3, 3, 1], [3, 2, 3], [3, 2, 0], [0, 2, 0], [3, 1, 3], [3, 0, 1], [0, 3, 2], [1, 0, 0], [2, 0, 2], [1, 3, 0], [1, 2, 3], [1, 1, 3]], 0.10517011880052007]
[[[0, 0, 0], [3, 3, 2], [0, 0, 2], [3, 3, 1], [3, 2, 3], [3, 2, 0], [0, 2, 0], [3, 1, 3], [0, 2, 2], [1, 0, 0], [3, 0, 1], [2, 0, 2], [1, 3, 2], [1, 3, 0], [1, 2, 3], [1, 1, 3]], 0.1032786390919299]
[[[0, 0, 0], [3, 3, 2], [0, 0, 2], [3, 3, 1], [3, 2, 3], [3, 2, 0], [0, 2, 0], [3, 1, 3], [0, 2, 2], [1, 0, 0], [3, 1, 1], [2, 0, 2], [2, 0, 1], [1, 3, 2], [1, 3, 0], [1, 1, 3], [1, 2, 3]], 0.111841540648274]
[[[0, 0, 0], [3, 3, 2], [0, 0, 2], [3, 3, 1], [3, 2, 3], [3, 2, 0], [0, 2, 0], [3, 1, 3], [0, 2, 2], [1, 0, 0], [3, 1, 1], [2, 0, 2], [2, 0, 1], [1, 3, 2], [1, 3, 1], [1, 1, 3], [1, 2, 3]], 0.030706825614668212]
[[[0, 0, 0], [3, 3, 2], [0, 0, 2], [3, 3, 1], [3, 2, 3], [0, 1, 2], [0, 2, 0], [0, 2, 1], [1, 0, 0], [3, 2, 0], [3, 1, 3], [3, 1, 1], [2, 0, 2], [2, 0, 1], [1, 1, 3], [1, 3, 2], [1, 3, 1], [1, 2, 3]], 0.16706127898249107]
[[[0, 0, 0], [3, 3, 2], [0, 0, 2], [3, 3, 1], [3, 2, 0], [0, 1, 2], [0, 2, 0], [0, 2, 1], [1, 0, 0], [3, 1, 3], [3, 1, 1], [2, 2, 3], [2, 0, 2], [2, 0, 1], [1, 1, 3], [1, 3, 2], [1, 3, 1], [1, 2, 3]], 0.3688122250799253]
[[[0, 0, 0], [3, 3, 2], [0, 0, 2], [3, 3, 1], [3, 2, 0], [0, 2, 0], [0, 2, 1], [1, 0, 0], [3, 1, 3], [3, 1, 1], [2, 2, 3], [2, 0, 2], [2, 0, 1], [1, 1, 3], [1, 3, 2], [1, 3, 1], [1, 2, 3]], 0.8632869402509007]
[[[0, 0, 0], [3, 3, 2], [0, 0, 2], [3, 3, 1], [3, 2, 0], [0, 2, 0], [0, 2, 1], [1, 0, 0], [3, 1, 3], [3, 1, 1], [2, 2, 3], [2, 1, 3], [2, 0, 2], [2, 0, 1], [1, 3, 2], [1, 3, 1], [1, 2, 3]], 0.1616861470365627]
[[[0, 0, 0], [3, 3, 2], [0, 0, 2], [3, 3, 1], [3, 2, 0], [0, 2, 0], [1, 0, 0], [3, 1, 3], [3, 1, 1], [2, 2, 3], [2, 1, 3], [2, 0, 2], [2, 0, 1], [1, 3, 2], [1, 3, 1], [1, 2, 3]], 0.11165806874295597]
[[[0, 0, 0], [3, 3, 2], [0, 0, 2], [0, 1, 0], [0, 1, 1], [1, 0, 0], [3, 3, 1], [3, 2, 0], [3, 1, 3], [3, 1, 1], [2, 2, 3], [1, 2, 0], [2, 1, 3], [2, 0, 2], [1, 2, 3], [1, 3, 1], [1, 3, 2], [2, 0, 1]], 0.3806195864509682]
[[[0, 0, 0], [3, 3, 2], [0, 0, 2], [0, 1, 0], [0, 1, 1], [1, 0, 0], [3, 3, 1], [3, 2, 0], [3, 1, 3], [3, 1, 1], [2, 2, 3], [1, 2, 0], [2, 1, 3], [2, 0, 2], [1, 3, 1], [1, 3, 2], [2, 0, 1]], 0.25376932390185036]
[[[0, 0, 0], [0, 0, 1], [0, 1, 0], [0, 1, 1], [1, 0, 0], [3, 3, 2], [1, 0, 2], [3, 3, 1], [3, 2, 0], [3, 1, 3], [1, 2, 0], [3, 1, 1], [2, 2, 3], [1, 3, 1], [1, 3, 2], [2, 0, 1], [2, 0, 2], [2, 1, 3]], 0.5961609302223437]
[[[0, 0, 0], [0, 0, 1], [0, 1, 0], [0, 1, 1], [1, 0, 0], [3, 3, 2], [1, 0, 2], [3, 2, 0], [3, 1, 3], [3, 1, 1], [1, 2, 0], [2, 3, 1], [2, 2, 3], [1, 3, 1], [1, 3, 2], [2, 0, 1], [2, 0, 2], [2, 1, 3]], 0.15569377361264938]
[[[0, 0, 0], [0, 0, 1], [0, 1, 0], [0, 1, 1], [1, 0, 0], [3, 3, 2], [1, 0, 2], [3, 2, 1], [3, 1, 3], [3, 1, 1], [1, 2, 0], [2, 3, 1], [2, 2, 3], [1, 3, 1], [1, 3, 2], [2, 0, 1], [2, 0, 2], [2, 1, 0], [2, 2, 0], [2, 1, 3]], 0.19086544369104505]
[[[0, 0, 0], [0, 0, 1], [0, 1, 1], [1, 0, 0], [3, 3, 2], [1, 0, 2], [3, 2, 1], [3, 1, 3], [3, 1, 1], [1, 2, 0], [2, 3, 1], [2, 2, 3], [1, 3, 1], [1, 3, 2], [2, 0, 1], [2, 0, 2], [2, 1, 0], [2, 2, 0], [2, 1, 3]], 0.27809357159791587]
[[[0, 0, 0], [0, 0, 1], [0, 1, 1], [3, 3, 2], [1, 0, 2], [3, 2, 1], [3, 1, 3], [3, 1, 1], [1, 2, 0], [2, 3, 1], [2, 2, 3], [1, 3, 1], [1, 3, 2], [2, 0, 1], [2, 0, 2], [2, 1, 0], [2, 2, 0], [2, 1, 3]], 0.4500692706621134]
[[[0, 0, 0], [0, 0, 1], [0, 1, 1], [3, 3, 2], [1, 0, 2], [3, 2, 1], [3, 1, 3], [3, 1, 1], [1, 2, 0], [2, 3, 1], [2, 2, 3], [1, 3, 1], [1, 3, 2], [2, 0, 1], [2, 1, 0], [2, 2, 0], [2, 1, 3]], 0.08601280427399621]
[[[0, 0, 0], [0, 0, 1], [3, 3, 2], [1, 0, 2], [3, 2, 1], [3, 1, 3], [3, 1, 1], [1, 2, 0], [2, 3, 1], [2, 2, 3], [1, 3, 1], [1, 3, 2], [2, 0, 1], [2, 1, 0], [2, 2, 0], [2, 1, 3]], 0.15638250004100004]
[[[0, 0, 0], [0, 0, 1], [3, 3, 2], [1, 0, 2], [3, 2, 1], [3, 1, 3], [3, 1, 1], [1, 2, 0], [2, 3, 1], [2, 2, 3], [1, 3, 2], [2, 0, 1], [2, 1, 0], [2, 2, 0], [2, 1, 3]], 0.9422057873479025]
[[[0, 0, 0], [0, 0, 1], [3, 3, 2], [1, 0, 2], [3, 2, 1], [3, 1, 3], [3, 1, 1], [1, 2, 0], [2, 3, 1], [2, 2, 3], [1, 3, 2], [2, 0, 1], [2, 2, 0], [2, 1, 3]], 0.8462202031613643]
[[[0, 0, 0], [0, 0, 1], [3, 2, 2], [1, 0, 2], [3, 2, 1], [3, 1, 3], [3, 1, 1], [1, 2, 0], [2, 3, 2], [2, 3, 1], [1, 3, 2], [2, 0, 1], [2, 2, 3], [2, 2, 0], [2, 1, 3]], 0.0738825794786922]
[[[0, 0, 0], [0, 0, 1], [3, 2, 1], [1, 0, 2], [3, 1, 3], [3, 1, 1], [2, 3, 2], [1, 2, 0], [2, 3, 1], [2, 2, 3], [1, 3, 2], [2, 0, 1], [2, 2, 0], [2, 1, 3]], 0.742363037708659]
[[[0, 0, 0], [0, 0, 1], [3, 1, 3], [1, 0, 2], [3, 1, 1], [2, 3, 2], [2, 3, 1], [1, 2, 0], [2, 2, 3], [2, 2, 0], [1, 3, 2], [2, 0, 1], [2, 1, 3]], 0.5034783480904252]
[[[0, 0, 0], [0, 0, 1], [1, 0, 1], [1, 0, 2], [3, 1, 3], [3, 1, 1], [2, 3, 2], [1, 2, 0], [2, 3, 1], [2, 2, 3], [1, 3, 2], [2, 2, 0], [2, 1, 3]], 0.3521609074472682]
[[[0, 0, 0], [0, 0, 1], [1, 0, 2], [3, 1, 3], [3, 1, 1], [2, 3, 2], [1, 2, 0], [2, 3, 1], [2, 2, 3], [1, 3, 2], [2, 2, 0], [2, 1, 3]], 0.11475778522659888]
[[[0, 0, 0], [1, 0, 2], [3, 1, 3], [3, 1, 1], [2, 3, 2], [1, 2, 0], [2, 3, 1], [2, 2, 3], [1, 3, 2], [2, 2, 0], [2, 1, 3]], 0.10924285938126017]
[[[0, 0, 0], [1, 0, 2], [3, 1, 3], [3, 1, 1], [2, 3, 2], [1, 2, 0], [2, 3, 1], [2, 2, 0], [1, 3, 2], [2, 1, 3]], 0.5845071543730271]
[[[1, 0, 2], [1, 1, 0], [3, 1, 3], [3, 1, 1], [1, 2, 0], [2, 3, 2], [2, 3, 1], [1, 3, 2], [2, 2, 0], [2, 1, 3]], 0.01787775840009428]
[[[1, 0, 2], [1, 1, 0], [3, 1, 3], [3, 1, 1], [1, 2, 0], [2, 3, 2], [2, 3, 1], [1, 3, 2], [2, 1, 3]], 0.026838652252802606]
[[[1, 0, 2], [1, 1, 0], [3, 1, 3], [3, 1, 1], [1, 2, 0], [2, 3, 1], [2, 1, 3], [1, 3, 2]], 0.007747091146810161]
[[[1, 0, 2], [1, 1, 0], [3, 1, 3], [3, 1, 1], [1, 2, 0], [2, 3, 1], [1, 3, 2]], 0.011785897424114346]
[[[1, 1, 0], [3, 1, 3], [1, 1, 2], [1, 2, 0], [3, 1, 1], [2, 3, 1], [1, 3, 2]], 0.21527935490597516]
[[[1, 1, 0], [3, 1, 3], [1, 1, 2], [1, 2, 0], [3, 1, 1], [2, 2, 1], [1, 3, 2]], 0.018817612228513463]
[[[1, 1, 0], [1, 1, 1], [1, 2, 0], [3, 1, 3], [1, 2, 2], [1, 3, 2], [3, 1, 1], [2, 2, 1]], 0.03996490041343113]
[[[1, 1, 0], [1, 1, 1], [1, 2, 0], [3, 1, 3], [1, 2, 2], [1, 3, 2], [3, 1, 2], [2, 2, 1]], 0.03671339766804933]
[[[1, 1, 1], [1, 2, 0], [3, 1, 3], [1, 2, 2], [1, 3, 2], [2, 1, 1], [3, 1, 2], [2, 2, 1]], 0.0016678500225468876]
[[[1, 1, 1], [1, 2, 0], [3, 1, 3], [1, 2, 2], [1, 3, 2], [2, 1, 1], [3, 1, 2]], 0.6768725338297086]
[[[1, 2, 0], [3, 1, 3], [1, 2, 2], [1, 3, 2], [2, 1, 1], [2, 1, 2], [3, 1, 2]], -1]
[[[1, 2, 0], [1, 2, 1], [1, 3, 2], [2, 1, 1], [2, 1, 2], [3, 1, 3], [3, 1, 2]], 0.02974178011420116]
[[[1, 2, 1], [1, 3, 2], [2, 1, 1], [2, 1, 2], [3, 1, 3], [3, 1, 2]], -1]
[[[1, 2, 1], [1, 3, 2], [2, 1, 2], [3, 1, 3], [3, 1, 2]], -1]
