[[[0, 0, 0], [3, 0, 0], [3, 3, 0], [0, 3, 0], [0, 0, 3], [3, 0, 3], [3, 3, 3], [0, 3, 3]], 0.009259259821959631]
[[[0, 0, 0], [3, 3, 3], [3, 3, 0], [0, 0, 3], [3, 0, 3], [3, 0, 0], [1, 3, 0], [0, 3, 3], [0, 2, 0], [0, 3, 1]], 0.009573973235013383]
[[[0, 0, 0], [3, 3, 3], [3, 3, 1], [0, 0, 3], [3, 2, 0], [3, 0, 3], [3, 0, 0], [2, 3, 0], [0, 2, 0], [1, 3, 0], [0, 3, 3], [0, 3, 1]], 0.009879949583805142]
[[[0, 0, 0], [3, 3, 2], [3, 3, 1], [0, 0, 3], [3, 2, 3], [3, 2, 0], [3, 0, 3], [3, 0, 0], [0, 2, 0], [2, 3, 3], [2, 3, 0], [1, 3, 0], [0, 3, 1], [0, 3, 3]], 0.010195995499486799]
[[[0, 0, 0], [3, 3, 1], [3, 2, 3], [0, 0, 3], [3, 2, 0], [3, 0, 3], [3, 0, 0], [2, 3, 3], [0, 2, 0], [2, 3, 0], [1, 3, 0], [0, 3, 3], [0, 3, 1]], 0.012341335237140143]
[[[0, 0, 1], [3, 3, 1], [0, 0, 3], [0, 1, 0], [3, 2, 3], [3, 2, 0], [3, 0, 3], [0, 2, 0], [3, 0, 0], [2, 3, 3], [2, 3, 0], [0, 3, 1], [1, 3, 0], [0, 3, 3], [1, 0, 0]], 0.012279788773041811]
[[[0, 0, 2], [0, 0, 3], [0, 1, 0], [3, 3, 1], [3, 2, 3], [3, 2, 0], [0, 2, 0], [3, 0, 3], [3, 0, 0], [2, 3, 3], [0, 3, 1], [2, 3, 0], [0, 3, 3], [1, 0, 0], [1, 3, 0]], 0.053356574925115294]
[[[0, 0, 2], [0, 1, 0], [3, 3, 1], [3, 2, 3], [0, 1, 3], [0, 2, 0], [3, 2, 0], [3, 0, 3], [3, 0, 0], [0, 3, 1], [2, 3, 3], [0, 3, 3], [1, 0, 0], [2, 3, 0], [1, 3, 0], [1, 0, 3]], 0.08067043491080184]
[[[0, 0, 2], [0, 1, 0], [3, 3, 1], [3, 2, 3], [0, 1, 3], [0, 2, 0], [3, 1, 0], [3, 0, 3], [3, 0, 0], [0, 3, 1], [2, 3, 3], [0, 3, 3], [1, 0, 0], [2, 3, 0], [1, 3, 0], [1, 0, 3]], 0.1404256727143604]
[[[0, 0, 2], [0, 1, 0], [3, 3, 1], [3, 2, 3], [0, 1, 3], [0, 2, 0], [3, 1, 0], [3, 0, 3], [3, 0, 0], [0, 3, 1], [2, 3, 3], [0, 3, 3], [1, 0, 0], [1, 3, 0], [1, 0, 3]], 0.25068699084291496]
[[[0, 0, 2], [0, 1, 0], [3, 3, 1], [3, 2, 3], [0, 1, 3], [0, 2, 0], [3, 1, 0], [3, 0, 3], [3, 0, 0], [0, 3, 1], [1, 3, 3], [0, 3, 3], [1, 0, 0], [1, 3, 0], [1, 0, 3]], 0.0776292141717807]
[[[0, 0, 2], [0, 1, 0], [3, 3, 1], [3, 2, 3], [0, 1, 3], [3, 1, 0], [3, 0, 3], [3, 0, 0], [0, 3, 1], [1, 3, 3], [0, 3, 3], [1, 0, 0], [1, 3, 0], [1, 0, 3]], 0.07566278695604736]
[[[0, 0, 2], [0, 1, 0], [3, 3, 1], [3, 2, 3], [0, 1, 3], [3, 1, 0], [3, 0, 3], [3, 0, 0], [0, 3, 1], [2, 2, 0], [0, 3, 3], [1, 0, 0], [1, 3, 3], [1, 2, 0], [1, 0, 3]], 0.8000683236092637]
[[[0, 0, 2], [0, 1, 0], [3, 3, 1], [3, 2, 3], [0, 1, 3], [3, 1, 0], [3, 0, 3], [3, 0, 0], [0, 3, 1], [2, 2, 0], [0, 3, 3], [1, 0, 0], [1, 3, 3], [1, 0, 3]], 0.4760528400298186]
[[[0, 0, 2], [0, 1, 0], [3, 3, 1], [3, 1, 3], [0, 1, 3], [3, 1, 0], [3, 0, 3], [3, 0, 0], [0, 3, 1], [2, 2, 0], [0, 3, 3], [1, 0, 0], [1, 3, 3], [1, 0, 3]], 0.46478356312701274]
[[[0, 0, 2], [0, 1, 0], [3, 3, 1], [3, 1, 3], [3, 1, 0], [3, 0, 3], [0, 2, 3], [0, 3, 1], [3, 0, 0], [0, 3, 3], [1, 0, 0], [2, 2, 0], [1, 3, 3], [1, 0, 3]], 0.32625597311004206]
[[[0, 0, 2], [0, 1, 0], [3, 3, 1], [3, 1, 3], [3, 0, 3], [3, 0, 0], [0, 2, 3], [0, 3, 1], [2, 2, 0], [0, 3, 3], [1, 0, 0], [1, 3, 3], [1, 0, 3]], 0.6745407798413775]
[[[0, 0, 2], [0, 1, 0], [3, 3, 1], [3, 1, 3], [3, 0, 3], [3, 0, 0], [0, 2, 3], [0, 3, 2], [0, 3, 3], [1, 0, 0], [2, 2, 0], [1, 3, 3], [1, 0, 3], [1, 3, 1]], 0.13911011747414093]
[[[0, 0, 2], [0, 1, 0], [3, 3, 1], [3, 1, 3], [3, 0, 3], [3, 0, 1], [0, 2, 3], [0, 3, 2], [0, 3, 3], [1, 0, 0], [2, 2, 0], [2, 0, 0], [1, 0, 3], [1, 3, 3], [1, 3, 1]], 0.19357094143028428]
[[[0, 0, 2], [0, 1, 0], [3, 3, 1], [3, 1, 3], [3, 0, 2], [3, 0, 1], [0, 2, 3], [0, 3, 2], [0, 3, 3], [1, 0, 0], [2, 2, 0], [2, 0, 3], [1, 0, 3], [2, 0, 0], [1, 3, 3], [1, 3, 1]], 0.4394333014741689]
[[[0, 0, 2], [0, 1, 0], [3, 3, 1], [3, 1, 3], [0, 2, 1], [3, 0, 2], [0, 2, 3], [0, 3, 3], [1, 0, 0], [3, 0, 1], [2, 2, 0], [1, 0, 3], [2, 0, 3], [2, 0, 0], [1, 3, 3], [1, 3, 1]], 0.869008979327171]
[[[0, 0, 2], [0, 1, 0], [3, 3, 1], [3, 1, 3], [3, 0, 2], [0, 2, 3], [0, 3, 3], [1, 0, 0], [3, 0, 1], [2, 2, 0], [1, 0, 3], [2, 0, 3], [2, 0, 0], [1, 3, 3], [1, 3, 1]], 0.21371345462489766]
[[[0, 0, 2], [0, 1, 0], [3, 3, 1], [3, 1, 3], [3, 0, 2], [0, 2, 3], [0, 3, 3], [1, 0, 0], [3, 0, 1], [2, 3, 2], [1, 0, 3], [2, 2, 3], [2, 2, 0], [2, 0, 3], [2, 0, 0], [1, 3, 1]], 0.17734158131776662]
[[[0, 0, 2], [0, 1, 0], [3, 2, 2], [3, 2, 1], [3, 1, 3], [0, 2, 3], [0, 3, 3], [1, 0, 0], [3, 0, 2], [3, 0, 1], [1, 0, 3], [2, 3, 2], [2, 3, 1], [2, 2, 3], [2, 2, 0], [2, 0, 3], [2, 0, 0], [1, 3, 1]], 0.8034255948183966]
[[[0, 0, 2], [0, 1, 0], [3, 2, 2], [3, 2, 1], [3, 1, 3], [0, 2, 3], [0, 3, 3], [1, 0, 0], [3, 1, 1], [3, 0, 2], [1, 0, 3], [2, 3, 2], [2, 3, 1], [2, 2, 3], [2, 2, 0], [2, 0, 3], [2, 0, 0], [1, 3, 1]], 0.6462154172895038]
[[[0, 0, 2], [0, 1, 0], [3, 2, 2], [3, 2, 1], [3, 1, 3], [0, 2, 3], [0, 3, 3], [1, 0, 0], [3, 1, 1], [3, 0, 2], [1, 0, 3], [2, 3, 2], [2, 3, 1], [2, 2, 0], [2, 0, 3], [2, 0, 0], [1, 3, 1]], 0.240339729328874]
[[[0, 0, 2], [0, 1, 1], [3, 2, 2], [3, 2, 1], [0, 2, 3], [0, 3, 3], [1, 0, 0], [3, 1, 3], [3, 1, 1], [1, 0, 3], [1, 1, 0], [3, 0, 2], [2, 3, 2], [2, 3, 1], [2, 2, 0], [2, 0, 3], [2, 0, 0], [1, 3, 1]], 0.5073229388496915]
[[[0, 0, 2], [0, 1, 1], [3, 2, 2], [3, 2, 1], [0, 2, 3], [0, 3, 3], [1, 0, 0], [3, 1, 3], [3, 1, 1], [1, 0, 3], [1, 1, 0], [3, 0, 2], [2, 3, 2], [2, 3, 1], [2, 2, 0], [2, 0, 0], [1, 3, 1]], 0.8471969252116014]
[[[0, 0, 2], [0, 1, 1], [3, 2, 2], [3, 2, 1], [0, 2, 3], [0, 3, 3], [1, 0, 0], [3, 1, 1], [3, 0, 2], [1, 0, 3], [1, 1, 0], [2, 3, 2], [2, 3, 1], [2, 2, 0], [2, 1, 3], [2, 0, 0], [1, 3, 1]], 0.23952114888066656]
[[[0, 0, 2], [0, 1, 1], [3, 2, 2], [3, 2, 1], [0, 2, 3], [0, 3, 3], [3, 1, 1], [3, 0, 2], [1, 0, 3], [1, 1, 0], [2, 3, 2], [2, 3, 1], [2, 2, 0], [2, 1, 3], [2, 0, 0], [1, 3, 1]], 0.0059611683106429595]
[[[0, 0, 2], [3, 2, 2], [0, 2, 2], [0, 2, 3], [0, 3, 3], [3, 2, 1], [3, 1, 1], [1, 0, 3], [1, 1, 0], [3, 0, 2], [2, 3, 2], [2, 3, 1], [2, 2, 0], [2, 1, 3], [2, 0, 0], [1, 3, 1]], 0.041989447442266355]
[[[0, 0, 2], [3, 2, 2], [0, 2, 2], [0, 2, 3], [0, 3, 3], [3, 2, 1], [3, 1, 1], [1, 0, 3], [1, 1, 0], [3, 0, 2], [2, 3, 2], [2, 3, 1], [2, 1, 3], [2, 1, 0], [2, 0, 0], [1, 3, 1]], 0.45912533903778485]
[[[0, 1, 2], [0, 2, 2], [0, 2, 3], [0, 3, 3], [1, 0, 1], [3, 2, 2], [1, 0, 3], [1, 1, 0], [3, 2, 1], [3, 1, 1], [3, 0, 2], [2, 3, 2], [2, 3, 1], [2, 1, 3], [1, 3, 1], [2, 1, 0], [2, 0, 0]], 0.05014015278471241]
[[[0, 1, 2], [0, 2, 2], [0, 2, 3], [0, 3, 3], [1, 0, 1], [3, 2, 2], [1, 0, 3], [1, 1, 0], [3, 2, 1], [3, 1, 2], [3, 1, 1], [2, 3, 2], [2, 3, 1], [2, 1, 3], [1, 3, 1], [2, 1, 0], [2, 0, 0], [2, 0, 2]], 0.019624303801462642]
[[[0, 1, 2], [0, 2, 2], [0, 3, 3], [1, 0, 1], [3, 2, 2], [1, 0, 3], [1, 1, 0], [3, 2, 1], [3, 1, 2], [3, 1, 1], [2, 3, 2], [2, 3, 1], [2, 1, 3], [1, 3, 1], [2, 1, 0], [2, 0, 0], [2, 0, 2]], 0.03842834725408274]
[[[0, 1, 2], [0, 2, 2], [0, 3, 3], [1, 0, 1], [3, 2, 2], [1, 0, 3], [1, 1, 0], [3, 2, 1], [3, 1, 2], [3, 1, 1], [2, 3, 2], [2, 3, 1], [2, 1, 3], [1, 3, 1], [2, 1, 0], [2, 0, 0], [2, 0, 1]], 0.21792571679828313]
[[[0, 2, 2], [0, 3, 3], [1, 0, 1], [3, 2, 2], [1, 0, 3], [1, 1, 0], [3, 2, 1], [3, 1, 2], [3, 1, 1], [2, 3, 2], [2, 3, 1], [2, 1, 3], [1, 3, 1], [2, 1, 0], [2, 0, 0], [2, 0, 1]], 0.03143223822241345]
[[[0, 2, 2], [0, 3, 3], [1, 0, 1], [3, 2, 1], [1, 0, 3], [1, 1, 0], [3, 1, 2], [3, 1, 1], [2, 3, 2], [2, 3, 1], [2, 1, 3], [2, 1, 0], [1, 3, 1], [2, 0, 1], [2, 0, 0]], 0.0501103470034211]
[[[0, 2, 2], [1, 0, 1], [3, 2, 1], [1, 0, 3], [1, 1, 0], [3, 1, 2], [3, 1, 1], [2, 3, 2], [2, 3, 1], [2, 1, 3], [1, 2, 3], [1, 3, 1], [1, 3, 2], [2, 0, 0], [2, 0, 1], [2, 1, 0]], 0.04411090187255078]
[[[0, 2, 2], [1, 0, 1], [3, 2, 1], [1, 0, 3], [1, 1, 0], [3, 1, 2], [3, 1, 1], [2, 3, 2], [2, 3, 1], [2, 1, 3], [1, 2, 3], [1, 3, 2], [2, 0, 0], [2, 0, 1], [2, 1, 0]], 0.05499538475526921]
[[[0, 2, 2], [1, 0, 1], [3, 1, 2], [1, 0, 3], [1, 1, 0], [3, 1, 1], [2, 3, 2], [2, 3, 1], [2, 1, 3], [2, 1, 0], [1, 2, 3], [1, 3, 2], [2, 0, 0], [2, 0, 1]], 0.397327068656803]
[[[0, 2, 2], [1, 0, 1], [3, 1, 2], [1, 0, 3], [1, 1, 0], [3, 1, 1], [2, 3, 2], [2, 3, 1], [2, 1, 3], [2, 1, 0], [1, 2, 3], [1, 3, 2], [2, 0, 0]], 0.05427852173874951]
[[[0, 2, 2], [1, 0, 1], [1, 0, 2], [1, 1, 0], [3, 1, 2], [3, 1, 1], [1, 1, 3], [2, 3, 2], [2, 3, 1], [1, 2, 3], [1, 3, 2], [2, 0, 0], [2, 1, 0], [2, 1, 3]], 0.27940128221079813]
[[[0, 2, 2], [1, 0, 1], [1, 0, 2], [1, 1, 0], [3, 1, 2], [3, 1, 1], [1, 1, 3], [2, 3, 2], [2, 3, 1], [1, 2, 3], [1, 3, 2], [2, 1, 0], [2, 1, 3]], 0.1783664589402762]
[[[0, 2, 2], [1, 0, 1], [1, 0, 2], [1, 1, 0], [3, 1, 2], [3, 1, 1], [1, 1, 3], [2, 3, 2], [2, 3, 1], [1, 2, 3], [2, 1, 0], [2, 1, 3]], 0.16091569497491823]
[[[0, 2, 2], [1, 0, 1], [1, 0, 2], [1, 1, 0], [3, 1, 2], [2, 3, 2], [1, 1, 3], [2, 3, 1], [2, 1, 3], [1, 2, 3], [2, 1, 0]], 0.11813253750216342]
[[[0, 2, 2], [1, 0, 1], [1, 0, 2], [1, 1, 0], [3, 1, 2], [2, 3, 2], [1, 1, 3], [2, 3, 1], [2, 1, 3], [2, 1, 0]], 0.42674459661939446]
[[[0, 2, 2], [1, 0, 1], [1, 0, 2], [1, 1, 0], [3, 1, 2], [2, 3, 2], [1, 1, 3], [2, 3, 1], [2, 1, 0]], 0.04534979857373942]
[[[0, 2, 2], [1, 0, 2], [1, 1, 0], [3, 1, 2], [2, 3, 2], [1, 1, 3], [2, 3, 1], [2, 1, 0]], 0.14865750753662088]
[[[1, 0, 2], [1, 1, 0], [3, 1, 2], [2, 3, 2], [1, 1, 3], [1, 2, 1], [1, 2, 2], [2, 1, 0], [2, 3, 1]], 0.08513876697288339]
[[[1, 0, 2], [1, 1, 0], [3, 1, 2], [2, 3, 2], [1, 1, 3], [1, 2, 1], [1, 2, 2], [2, 1, 0]], 0.0029476612082691487]
[[[1, 0, 2], [1, 1, 0], [3, 1, 2], [2, 3, 2], [1, 1, 3], [1, 2, 1], [2, 1, 0]], 0.03246105772126891]
[[[1, 0, 2], [1, 1, 1], [3, 1, 2], [1, 1, 3], [1, 2, 1], [2, 1, 0], [2, 3, 2]], 0.0015430233630207252]
[[[1, 0, 2], [3, 1, 2], [1, 1, 3], [1, 2, 1], [2, 1, 0], [2, 3, 2]], 0.01393058811566321]
[[[1, 0, 2], [1, 1, 2], [1, 1, 3], [2, 1, 0], [3, 1, 2], [2, 3, 2]], 0.0013867399605074413]
[[[1, 0, 2], [1, 1, 2], [1, 1, 3], [2, 1, 0], [2, 3, 2], [2, 1, 2]], 0.003575560809316356]
[[[1, 0, 2], [1, 1, 3], [2, 1, 0], [2, 3, 2], [2, 1, 2]], 0.0068659820856256425]
[[[1, 0, 2], [1, 1, 3], [2, 1, 0], [2, 1, 1], [2, 3, 2], [2, 2, 2]], -1]
[[[1, 0, 2], [1, 1, 3], [2, 1, 1], [2, 2, 1], [2, 2, 2], [2, 3, 2]], -1]
[[[1, 0, 2], [1, 1, 3], [2, 1, 1], [2, 2, 1], [2, 2, 2]], -1]
[[[1, 0, 2], [2, 1, 1], [2, 2, 1], [2, 2, 2]], -1]
