[[[0, 0, 0], [2, 0, 0], [2, 2, 0], [0, 2, 0], [0, 0, 2], [2, 0, 2], [2, 2, 2], [0, 2, 2]], 0.03125050221569836]
[[[0, 0, 0], [2, 2, 2], [0, 0, 2], [0, 1, 0], [2, 2, 0], [2, 0, 2], [0, 2, 1], [0, 2, 2], [2, 0, 0], [1, 2, 0]], 0.033037963848983054]
[[[0, 0, 0], [2, 2, 1], [0, 0, 2], [0, 1, 0], [2, 2, 0], [2, 1, 2], [0, 2, 1], [0, 2, 2], [2, 0, 2], [2, 0, 0], [1, 2, 2], [1, 2, 0]], 0.03492909929832422]
[[[0, 0, 0], [2, 2, 1], [0, 0, 2], [0, 1, 0], [2, 2, 0], [0, 1, 2], [0, 2, 1], [2, 1, 2], [2, 0, 2], [2, 0, 0], [1, 2, 2], [1, 2, 0]], 0.03655563410211471]
[[[0, 0, 0], [2, 2, 0], [0, 0, 2], [0, 1, 0], [2, 1, 2], [0, 1, 2], [0, 2, 1], [2, 0, 2], [2, 0, 0], [1, 2, 2], [1, 2, 0]], 0.13035028975672602]
[[[0, 0, 0], [2, 2, 0], [0, 0, 2], [0, 1, 0], [2, 1, 2], [0, 1, 2], [0, 2, 1], [1, 0, 0], [2, 1, 0], [2, 0, 2], [2, 0, 1], [1, 2, 2], [1, 2, 0]], 0.11190847646569282]
[[[0, 0, 0], [2, 2, 0], [0, 0, 2], [0, 1, 0], [2, 1, 2], [0, 2, 1], [1, 0, 0], [2, 1, 0], [2, 0, 2], [2, 0, 1], [1, 2, 2], [1, 2, 0]], 0.12898232033801094]
[[[0, 0, 0], [0, 0, 1], [0, 1, 0], [2, 2, 0], [0, 2, 1], [1, 0, 0], [2, 1, 2], [1, 0, 2], [2, 1, 0], [2, 0, 2], [2, 0, 1], [1, 2, 0], [1, 2, 2]], 0.15376939923834776]
[[[0, 0, 0], [0, 0, 1], [0, 1, 0], [2, 2, 0], [0, 2, 1], [1, 0, 0], [2, 1, 2], [1, 0, 2], [2, 1, 0], [2, 0, 2], [2, 0, 1], [1, 2, 2]], 0.31982069977217886]
[[[0, 0, 0], [0, 0, 1], [0, 1, 0], [2, 2, 0], [0, 2, 1], [1, 0, 0], [2, 1, 2], [1, 0, 2], [2, 1, 0], [2, 0, 2], [1, 1, 2], [1, 2, 1], [2, 0, 1]], 0.2202698974993204]
[[[0, 0, 0], [0, 1, 0], [0, 1, 1], [0, 2, 1], [1, 0, 0], [2, 2, 0], [1, 0, 2], [2, 1, 2], [2, 1, 0], [1, 1, 2], [1, 2, 1], [2, 0, 1], [2, 0, 2]], 0.4044436365550625]
[[[0, 0, 0], [0, 1, 0], [0, 1, 1], [1, 0, 0], [2, 2, 0], [1, 0, 2], [2, 1, 2], [2, 1, 0], [1, 1, 2], [1, 2, 1], [2, 0, 1], [2, 0, 2]], 0.4835956462064088]
[[[0, 0, 0], [0, 1, 0], [0, 1, 1], [1, 0, 0], [2, 2, 0], [1, 0, 2], [2, 1, 2], [2, 1, 0], [1, 1, 2], [1, 2, 1], [2, 0, 1]], 0.29051578629511926]
[[[0, 0, 0], [0, 1, 0], [0, 1, 1], [1, 0, 0], [2, 2, 0], [1, 0, 2], [2, 1, 1], [2, 1, 0], [1, 1, 2], [1, 2, 1], [2, 0, 1]], 0.9500436047123232]
[[[0, 0, 0], [0, 1, 0], [0, 1, 1], [1, 0, 0], [2, 2, 0], [1, 0, 2], [2, 1, 1], [2, 1, 0], [1, 1, 2], [2, 0, 1]], 0.9651432601307397]
[[[0, 0, 0], [0, 1, 0], [0, 1, 1], [1, 0, 0], [1, 0, 1], [2, 2, 0], [2, 1, 1], [1, 1, 2], [2, 0, 1], [2, 1, 0]], 0.401540434604819]
[[[0, 0, 0], [0, 1, 0], [0, 1, 1], [1, 0, 0], [1, 0, 1], [2, 2, 0], [2, 1, 1], [1, 1, 2], [2, 0, 1]], 0.24618160785026405]
[[[0, 0, 0], [0, 1, 0], [0, 1, 1], [1, 0, 0], [1, 0, 1], [2, 2, 0], [2, 1, 1], [1, 1, 2]], 0.47721159314962475]
[[[0, 0, 0], [0, 1, 0], [0, 1, 1], [1, 0, 0], [1, 0, 1], [1, 1, 0], [2, 1, 1], [1, 1, 2]], 0.2808770455279084]
[[[0, 0, 0], [0, 1, 0], [1, 0, 0], [1, 0, 1], [1, 1, 0], [2, 1, 1], [1, 1, 2]], 0.7351924823544046]
[[[0, 0, 0], [0, 1, 0], [1, 0, 1], [1, 1, 0], [2, 1, 1], [1, 1, 2]], 0.23563396064172254]
[[[0, 0, 0], [1, 0, 1], [1, 1, 0], [2, 1, 1], [1, 1, 2]], 0.33333333336940996]
[[[0, 0, 0], [1, 0, 1], [1, 1, 1], [1, 1, 2], [2, 1, 1]], 0.42469390784629263]
[[[0, 0, 0], [1, 1, 1], [1, 1, 2], [2, 1, 1]], -1]
