[[[-2, -2, -1], [2, 2, 2], [2, 2, -2], [-2, -2, 2], [-2, -1, -2], [2, -2, 2], [2, -2, -2], [-1, -2, -2], [-2, 2, 2], [-2, 2, -2]], 1.4766616014678328e-05]
[[[-2, -2, -1], [2, 2, 1], [2, 2, -2], [-2, -2, 2], [-2, -1, -2], [2, 1, 2], [2, -2, 2], [2, -2, -2], [1, 2, 2], [-1, -2, -2], [-2, 2, 2], [-2, 2, -2]], 5.716407769267084e-08]
[[[-2, -2, -1], [2, 2, 1], [2, 2, -2], [-2, -2, 2], [-2, -1, -2], [2, 1, 2], [2, -2, 2], [2, -2, -2], [0, 2, 2], [-1, -2, -2], [-2, 2, 2], [-2, 2, -2]], 5.7532306043812554e-08]
[[[-2, -2, -1], [2, 2, 1], [2, 2, -2], [-2, -2, 2], [-2, -1, -2], [2, 0, 2], [2, -2, 2], [2, -2, -2], [0, 2, 2], [-1, -2, -2], [-2, 2, 2], [-2, 2, -2]], 1.663779023416035e-05]
[[[-2, -2, -1], [2, 2, 1], [2, 2, -2], [-2, -2, 2], [2, 0, 2], [2, -2, 2], [2, -2, -2], [0, 2, 2], [-2, 0, -2], [-1, -2, -2], [-2, 2, 2], [-2, 2, -2]], 2.6352065916175055e-07]
[[[-2, -2, -1], [2, 2, 1], [2, 2, -2], [-2, -2, 2], [2, 0, 2], [2, -1, -2], [2, -2, 2], [2, -2, -1], [-2, 0, -2], [1, -2, -2], [0, 2, 2], [-1, -2, -2], [-2, 2, 2], [-2, 2, -2]], 1.2288103866601834e-06]
[[[-2, -2, -1], [2, 2, 1], [2, 2, -2], [-2, -2, 2], [2, 0, 2], [2, -1, -2], [2, -2, 2], [2, -2, -1], [1, -2, -2], [0, 2, 2], [-1, -2, -2], [-2, 2, 2], [-2, 1, -2], [-2, 2, -2]], 5.1370914394380375e-06]
[[[-2, -2, -1], [2, 2, 1], [2, 2, -2], [-2, -2, 2], [2, 0, 2], [2, 0, -2], [2, -2, 2], [2, -2, -1], [1, -2, -2], [0, 2, 2], [-1, -2, -2], [-2, 2, 2], [-2, 1, -2], [-2, 2, -2]], 9.704190440203238e-06]
[[[-2, -2, -1], [2, 2, 1], [2, 2, -2], [-2, -2, 2], [2, 0, 2], [2, 0, -2], [2, -2, 2], [2, -2, -1], [0, 2, 2], [0, -2, -2], [-1, -2, -2], [-2, 2, 2], [-2, 1, -2], [-2, 2, -2]], 2.376774145856992e-06]
[[[-2, -2, -1], [2, 2, 1], [2, 2, -2], [-2, -2, 2], [2, 0, 2], [2, 0, -2], [2, -2, 2], [2, -2, -1], [1, -1, -2], [0, 2, 2], [-1, -2, -2], [-2, 2, 2], [-2, 1, -2], [-2, 2, -2]], 3.919219466564686e-06]
[[[-2, -2, -1], [2, 2, 1], [2, 2, -1], [-2, -2, 2], [2, 1, -2], [2, 0, 2], [2, 0, -2], [2, -2, 2], [2, -2, -1], [1, 2, -2], [1, -1, -2], [0, 2, 2], [-2, 1, -2], [-1, -2, -2], [-2, 2, 2], [-2, 2, -2]], 9.503667391700749e-06]
[[[-2, -2, -1], [2, 2, 1], [-2, -2, 1], [2, 2, -1], [2, 1, -2], [2, 0, 2], [-2, -1, 2], [2, 0, -2], [2, -2, 2], [2, -2, -1], [1, 2, -2], [-2, 1, -2], [1, -1, -2], [0, 2, 2], [-1, -2, 2], [-1, -2, -2], [-2, 2, -2], [-2, 2, 2]], 0.0006996730385241092]
[[[-2, -2, -1], [2, 2, 1], [-2, -2, 1], [2, 2, -1], [2, 1, -2], [2, 0, 2], [-2, -1, 2], [2, 0, -2], [2, -2, 2], [2, -2, -1], [1, 2, -2], [1, -1, -2], [0, 2, 2], [-1, -2, 2], [-1, -2, -2], [-2, 2, -2], [-2, 2, 2]], 8.200022391646552e-06]
[[[-2, -2, -1], [2, 2, 0], [-2, -2, 1], [2, 2, -1], [2, 1, -2], [2, 0, 2], [-2, -1, 2], [2, 0, -2], [2, -2, 2], [2, -2, -1], [1, 2, -2], [1, -1, -2], [0, 2, 2], [-1, -2, 2], [-1, -2, -2], [-2, 2, -2], [-2, 2, 2]], 0.041420910463506475]
[[[-2, -2, -1], [2, 2, 0], [-2, -2, 1], [2, 2, -1], [2, 1, -2], [2, 0, 2], [-2, -1, 2], [2, 0, -2], [2, -2, 2], [2, -2, -1], [1, 2, -2], [1, -1, -2], [0, 2, 2], [-1, -1, -2], [-1, -2, 2], [-2, 2, -2], [-2, 2, 2]], 0.01209583982554777]
[[[-2, -2, -1], [-2, -2, 0], [2, 2, 0], [2, 2, -1], [2, 1, -2], [-2, -1, 2], [2, 0, 2], [2, 0, -2], [2, -2, 2], [2, -2, -1], [1, 2, -2], [1, -1, -2], [0, 2, 2], [-1, -1, -2], [-2, 2, -2], [-1, -2, 2], [-2, 2, 2]], 0.057724023097607345]
[[[-2, -2, -1], [2, 2, 0], [2, 2, -1], [2, 1, -2], [-2, -1, 2], [2, 0, 2], [2, 0, -2], [2, -2, 2], [2, -2, -1], [1, 2, -2], [1, -1, -2], [0, 2, 2], [-1, -1, -2], [-2, 2, -2], [-1, -2, 2], [-2, 2, 2]], 0.000158236336664729]
[[[-2, -2, -1], [2, 2, 0], [2, 2, -1], [2, 1, -2], [-2, -1, 2], [2, 0, 2], [2, 0, -2], [2, -2, 2], [2, -2, -1], [1, 2, -2], [1, -1, -2], [0, 2, 2], [-1, 2, -2], [-2, 2, -1], [-1, -1, -2], [-1, -2, 2], [-2, 2, 2]], 0.0001492746534681794]
[[[-2, -2, -1], [2, 2, 0], [2, 2, -1], [2, 1, -2], [-2, -1, 2], [2, 0, 2], [2, 0, -2], [2, -2, 2], [2, -2, -1], [1, 2, -2], [1, -1, -2], [0, 2, 2], [0, -2, 2], [-2, 2, -1], [-1, 2, -2], [-1, -1, -2], [-2, 2, 2], [-1, -2, 1]], 0.0011429481516205013]
[[[-2, -2, -1], [2, 2, 0], [2, 2, -1], [2, 1, -2], [-2, -1, 2], [2, 0, 2], [2, 0, -2], [2, -2, 2], [2, -2, -1], [1, 2, -2], [1, -1, -2], [0, 2, 2], [0, -2, 2], [-2, 2, -1], [-1, 2, -2], [-1, -1, -2], [-2, 2, 2]], 0.00011326975787592954]
[[[-2, -2, -1], [2, 2, 0], [2, 2, -1], [2, 0, 2], [-2, -1, 2], [2, 0, -2], [2, -2, 2], [2, -2, -1], [1, 2, -2], [1, -1, -2], [0, 2, 2], [0, -2, 2], [-1, 2, -2], [-2, 2, -1], [-1, -1, -2], [-2, 2, 2]], 0.00032794624342976156]
[[[-2, -2, -1], [2, 2, 0], [2, 0, 2], [2, 0, -2], [-2, -1, 2], [2, -2, 2], [2, -2, -1], [1, 2, -2], [1, -1, -2], [0, 2, 2], [0, -2, 2], [-1, 2, -2], [-1, -1, -2], [-2, 2, -1], [-2, 2, 2]], 1.4835127478829406e-07]
[[[-2, -2, -1], [2, 2, 0], [2, 1, 1], [2, 0, -2], [-2, -1, 2], [2, -1, 2], [2, -2, 2], [2, -2, -1], [1, 2, -2], [1, 1, 2], [1, -1, -2], [0, 2, 2], [0, -2, 2], [-2, 2, -1], [-1, 2, -2], [-1, -1, -2], [-2, 2, 2]], 3.27772745055958e-05]
[[[-2, -2, -1], [2, 2, 0], [2, 1, 1], [2, 0, -2], [-2, -1, 2], [2, -1, 2], [2, -2, 2], [2, -2, -1], [1, 2, -2], [1, 1, 2], [1, -1, -2], [1, -2, 2], [0, 2, 2], [-2, 2, -1], [-1, 2, -2], [-1, -1, -2], [-2, 2, 2]], 2.6173308186432115e-05]
[[[-2, -2, -1], [2, 2, 0], [2, 1, 1], [2, 0, -2], [-2, -1, 2], [2, -1, 2], [2, -2, 2], [2, -2, -1], [1, 2, -2], [1, 1, 2], [1, -2, 2], [0, 2, 2], [0, -1, -2], [-2, 2, -1], [-1, 2, -2], [-1, -1, -2], [-2, 2, 2]], 7.968873253497277e-05]
[[[-2, -2, -1], [2, 2, 0], [2, 1, 1], [2, 0, -2], [-2, -1, 2], [2, -1, 2], [2, -2, 2], [2, -2, -1], [1, 2, -2], [-2, 1, -1], [1, 1, 2], [1, -2, 2], [0, 2, 2], [-2, 2, 0], [0, -1, -2], [-2, 2, 2], [-1, 2, -2], [-1, -1, -2]], 0.05993872359655742]
[[[-2, -2, -1], [2, 2, 0], [2, 0, -2], [2, -1, 2], [-2, -1, 2], [2, -2, 2], [2, -2, -1], [1, 2, -2], [1, 1, 2], [-2, 1, -1], [1, -2, 2], [0, 2, 2], [0, -1, -2], [-2, 2, 0], [-1, 2, -2], [-2, 2, 2], [-1, -1, -2]], 2.2624882489114046e-06]
[[[-2, -2, -1], [2, 1, 0], [2, 1, -1], [2, 0, -2], [-2, -1, 2], [2, -1, 2], [2, -2, 2], [2, -2, -1], [1, 2, 1], [-2, 1, -1], [1, 2, -2], [1, 1, 2], [1, -2, 2], [-2, 2, 0], [0, 2, 2], [-2, 2, 2], [0, -1, -2], [-1, 2, -2], [-1, -1, -2]], 5.592102407699635e-05]
[[[-2, -2, -1], [2, 1, -1], [2, 0, 1], [2, 0, -2], [-2, -1, 2], [2, -1, 2], [2, -2, 2], [2, -2, -1], [1, 2, 1], [-2, 1, -1], [1, 2, -2], [1, 1, 2], [1, -2, 2], [-2, 2, 0], [0, 2, 2], [-2, 2, 2], [0, -1, -2], [-1, 2, -2], [-1, -1, -2]], 0.0019147272299561335]
[[[-2, -2, -1], [2, 1, -1], [2, 0, 1], [2, 0, -2], [-2, -1, 2], [2, -1, 2], [2, -2, 2], [2, -2, -1], [1, 2, 0], [-2, 1, -1], [1, 2, -2], [1, 1, 2], [1, -2, 2], [-2, 2, 0], [0, 2, 2], [-2, 2, 2], [0, -1, -2], [-1, 2, -2], [-1, -1, -2]], 0.00038475701861754143]
