[[[0, 0, 0], [3, 0, 0], [3, 3, 0], [0, 3, 0], [0, 0, 3], [3, 0, 3], [3, 3, 3], [0, 3, 3]], [5.9984, 5.9985, 6.0008]]
[[[0, 0, 1], [3, 3, 3], [0, 0, 3], [0, 1, 0], [3, 3, 0], [3, 0, 3], [3, 0, 0], [1, 0, 0], [0, 3, 3], [0, 3, 0]], [6.1355, 6.1355, 6.1354]]
[[[0, 0, 1], [3, 3, 3], [0, 0, 3], [3, 3, 0], [3, 0, 3], [3, 0, 0], [0, 2, 0], [1, 0, 0], [0, 3, 3], [0, 3, 0]], [6.1799, 6.1489, 6.1799]]
[[[0, 0, 1], [3, 3, 3], [0, 0, 3], [3, 3, 0], [3, 1, 0], [3, 0, 3], [0, 2, 0], [3, 0, 1], [2, 0, 0], [1, 0, 0], [0, 3, 0], [0, 3, 3]], [6.0442, 6.2718, 6.3014]]
[[[0, 0, 1], [3, 3, 2], [0, 0, 3], [3, 3, 0], [3, 2, 3], [3, 1, 0], [0, 2, 0], [3, 0, 3], [3, 0, 1], [2, 3, 3], [0, 3, 0], [2, 0, 0], [1, 0, 0], [0, 3, 3]], [5.9058, 6.1341, 6.1672]]
[[[0, 0, 1], [3, 3, 2], [0, 0, 3], [3, 3, 0], [3, 2, 3], [3, 1, 0], [0, 2, 0], [3, 0, 3], [3, 0, 1], [2, 3, 3], [0, 3, 0], [2, 0, 0], [0, 3, 3]], [1.4075, 0.5799, 5.6082]]
[[[0, 0, 1], [3, 3, 2], [0, 0, 3], [3, 3, 0], [3, 2, 3], [3, 1, 0], [0, 2, 0], [3, 0, 3], [3, 0, 1], [2, 0, 0], [0, 3, 0], [1, 3, 3], [0, 3, 3]], [4.7072, 2.8282, 2.208]]
[[[0, 0, 1], [3, 3, 2], [0, 0, 3], [3, 3, 0], [3, 2, 3], [3, 1, 0], [3, 0, 3], [3, 0, 1], [2, 0, 0], [0, 3, 0], [1, 3, 3], [1, 1, 0], [0, 3, 3]], [8.8476, 4.2831, 2.5408]]
[[[0, 0, 1], [3, 3, 2], [0, 0, 3], [3, 3, 0], [3, 2, 3], [3, 1, 0], [3, 0, 3], [3, 0, 1], [0, 2, 3], [0, 3, 0], [2, 0, 0], [0, 3, 2], [1, 3, 3], [1, 1, 0]], [3.1146, 4.6948, 1.5138]]
[[[0, 0, 1], [3, 3, 2], [0, 0, 3], [3, 3, 0], [3, 2, 3], [3, 1, 0], [3, 0, 3], [3, 0, 1], [0, 2, 3], [0, 3, 0], [0, 3, 1], [2, 0, 0], [1, 3, 3], [1, 1, 0]], [1.7803, 0.7733, 5.2996]]
[[[0, 0, 1], [0, 0, 2], [3, 3, 2], [3, 3, 0], [0, 1, 3], [3, 2, 3], [3, 1, 0], [0, 2, 3], [0, 3, 0], [0, 3, 1], [3, 0, 3], [3, 0, 1], [1, 0, 3], [1, 1, 0], [2, 0, 0], [1, 3, 3]], [2.5705, 0.4027, 4.3431]]
[[[0, 0, 1], [3, 3, 2], [3, 3, 0], [0, 1, 3], [3, 2, 3], [3, 1, 0], [0, 2, 3], [0, 3, 0], [0, 3, 1], [3, 0, 3], [3, 0, 1], [1, 0, 3], [1, 1, 0], [2, 0, 0], [1, 3, 3]], [3.3465, 0.8896, 2.6874]]
[[[0, 1, 1], [3, 3, 2], [0, 1, 3], [3, 3, 0], [3, 2, 3], [0, 2, 3], [0, 3, 0], [0, 3, 1], [1, 0, 1], [3, 1, 0], [1, 0, 3], [1, 1, 0], [3, 0, 3], [3, 0, 1], [2, 0, 0], [1, 3, 3]], [4.9622, 0.7799, 4.7574]]
[[[0, 1, 1], [3, 3, 2], [0, 1, 3], [3, 3, 0], [3, 2, 3], [0, 2, 3], [0, 3, 0], [0, 3, 1], [1, 0, 1], [3, 1, 0], [1, 0, 3], [1, 1, 0], [3, 0, 3], [3, 0, 2], [2, 0, 0], [1, 3, 3]], [5.0501, 3.3152, 2.5652]]
[[[0, 1, 1], [3, 3, 2], [0, 1, 3], [3, 3, 0], [3, 2, 3], [0, 3, 0], [0, 3, 1], [1, 0, 1], [3, 1, 0], [1, 0, 3], [1, 1, 0], [3, 0, 3], [3, 0, 2], [2, 0, 0], [1, 3, 3]], [2.4538, 5.299, 2.6646]]
[[[0, 1, 1], [3, 3, 2], [0, 1, 3], [3, 3, 0], [3, 1, 3], [0, 3, 0], [0, 3, 1], [1, 0, 1], [3, 1, 0], [1, 0, 3], [1, 1, 0], [3, 0, 3], [3, 0, 2], [2, 0, 0], [1, 3, 3]], [0.6284, 2.6036, 2.1332]]
[[[0, 1, 1], [3, 3, 2], [0, 1, 3], [3, 3, 0], [3, 1, 3], [0, 3, 0], [0, 3, 1], [1, 0, 1], [3, 1, 0], [1, 0, 3], [1, 1, 0], [3, 0, 3], [3, 0, 2], [2, 0, 1], [1, 3, 3]], [2.9488, 3.3692, 2.4026]]
[[[0, 1, 1], [3, 3, 1], [0, 1, 3], [3, 3, 0], [3, 1, 3], [0, 3, 0], [0, 3, 1], [1, 0, 1], [3, 1, 0], [1, 0, 3], [1, 1, 0], [3, 0, 3], [3, 0, 2], [2, 0, 1], [1, 3, 3]], [5.2329, 2.9746, 3.5423]]
[[[0, 1, 1], [3, 3, 1], [0, 1, 3], [3, 3, 0], [3, 1, 3], [0, 3, 0], [0, 3, 1], [1, 0, 1], [3, 1, 0], [1, 0, 3], [1, 1, 0], [3, 0, 3], [2, 0, 1], [1, 3, 3]], [6.7184, 0.7699, 2.7111]]
[[[0, 1, 1], [3, 3, 1], [0, 1, 3], [3, 2, 0], [3, 1, 3], [0, 3, 0], [0, 3, 1], [1, 0, 1], [3, 1, 0], [1, 0, 3], [1, 1, 0], [3, 0, 3], [2, 3, 0], [2, 0, 1], [1, 3, 3]], [3.1987, 1.3846, 1.4459]]
[[[0, 1, 1], [0, 1, 2], [3, 3, 1], [0, 2, 2], [0, 3, 0], [0, 3, 1], [1, 0, 1], [3, 2, 0], [1, 0, 3], [1, 1, 0], [3, 1, 3], [3, 1, 0], [3, 0, 3], [2, 3, 0], [2, 0, 1], [1, 3, 3]], [0.2242, 0.5104, 1.7088]]
[[[0, 1, 1], [0, 1, 2], [3, 3, 1], [0, 2, 2], [0, 3, 0], [0, 3, 1], [1, 0, 1], [3, 2, 0], [1, 0, 3], [1, 1, 0], [3, 1, 3], [3, 1, 0], [3, 0, 3], [2, 3, 2], [2, 3, 0], [2, 2, 3], [1, 2, 3], [2, 0, 1], [1, 3, 2]], [0.2969, 1.6429, 2.8973]]
[[[0, 1, 1], [0, 1, 2], [3, 3, 1], [0, 2, 2], [0, 3, 0], [0, 3, 1], [1, 0, 1], [3, 2, 0], [1, 0, 3], [1, 1, 0], [3, 1, 3], [3, 1, 1], [3, 0, 3], [2, 3, 2], [2, 3, 0], [2, 2, 3], [1, 2, 3], [2, 1, 0], [2, 0, 1], [1, 3, 2]], [2.9302, 0.3885, 1.6945]]
[[[0, 1, 1], [0, 1, 2], [3, 3, 1], [0, 2, 2], [0, 3, 0], [0, 3, 1], [1, 0, 1], [3, 2, 0], [1, 0, 3], [1, 1, 0], [3, 1, 3], [3, 1, 1], [3, 0, 3], [2, 3, 2], [2, 3, 0], [2, 1, 0], [1, 2, 3], [2, 0, 1], [1, 3, 2]], [1.8165, 0.564, 0.6397]]
[[[0, 1, 1], [0, 1, 2], [3, 3, 1], [0, 2, 2], [0, 3, 0], [0, 3, 1], [1, 0, 1], [3, 2, 0], [1, 0, 3], [1, 1, 0], [3, 1, 3], [3, 1, 1], [3, 0, 3], [2, 3, 2], [2, 1, 0], [2, 0, 1], [1, 2, 3], [1, 3, 0], [1, 3, 2]], [4.6319, 3.4617, 3.1708]]
[[[0, 1, 1], [0, 1, 2], [3, 3, 1], [0, 2, 2], [0, 3, 1], [1, 0, 1], [3, 2, 0], [1, 0, 3], [1, 1, 0], [3, 1, 3], [3, 1, 1], [3, 0, 3], [2, 3, 2], [2, 1, 0], [2, 0, 1], [1, 2, 3], [1, 3, 0], [1, 3, 2]], [1.873, 0.846, 0.5079]]
[[[0, 1, 1], [0, 1, 2], [3, 2, 2], [0, 2, 2], [0, 3, 1], [1, 0, 1], [3, 2, 0], [1, 0, 3], [1, 1, 0], [3, 1, 3], [3, 1, 1], [3, 0, 3], [2, 3, 2], [2, 3, 1], [2, 1, 0], [1, 2, 3], [1, 3, 0], [2, 0, 1], [1, 3, 2]], [1.8602, 0.2654, 2.797]]
[[[0, 1, 1], [0, 1, 2], [3, 2, 2], [0, 2, 2], [0, 3, 1], [1, 0, 1], [3, 2, 0], [1, 0, 3], [1, 1, 0], [3, 1, 3], [3, 1, 1], [3, 0, 3], [1, 2, 0], [2, 3, 2], [2, 3, 1], [1, 2, 3], [2, 1, 0], [1, 3, 2], [2, 0, 1]], [3.2086, 5.187, 3.7344]]
[[[0, 1, 1], [0, 1, 2], [3, 2, 2], [0, 2, 2], [0, 3, 1], [1, 0, 1], [3, 2, 0], [1, 0, 3], [1, 1, 0], [3, 1, 3], [3, 1, 1], [3, 0, 3], [1, 2, 0], [2, 3, 2], [2, 1, 0], [1, 2, 3], [1, 3, 1], [1, 3, 2], [2, 0, 1]], [2.4491, 4.9276, 3.5838]]
[[[0, 1, 1], [0, 1, 2], [3, 2, 2], [0, 2, 2], [0, 3, 1], [1, 0, 1], [3, 2, 1], [1, 0, 3], [1, 1, 0], [3, 1, 3], [3, 1, 1], [3, 0, 3], [1, 2, 0], [2, 3, 2], [2, 2, 0], [1, 2, 3], [1, 3, 1], [1, 3, 2], [2, 0, 1], [2, 1, 0]], [-0.1359, 1.947, -0.7867]]
[[[0, 1, 1], [0, 1, 2], [3, 2, 2], [0, 2, 2], [0, 3, 1], [1, 0, 1], [3, 2, 1], [1, 0, 3], [1, 1, 0], [3, 1, 3], [3, 1, 1], [3, 0, 3], [1, 2, 0], [2, 2, 0], [2, 1, 0], [1, 2, 3], [1, 3, 1], [1, 3, 2], [2, 0, 1]], [0.1651, 4.7965, 5.4619]]
[[[0, 1, 1], [0, 1, 2], [3, 2, 2], [0, 2, 2], [0, 3, 1], [1, 0, 2], [1, 0, 3], [1, 1, 0], [3, 2, 1], [3, 1, 3], [3, 1, 1], [1, 2, 0], [3, 0, 3], [2, 2, 0], [1, 2, 3], [1, 3, 1], [1, 3, 2], [2, 0, 1], [2, 1, 0]], [2.3632, 4.9076, 3.4654]]
[[[0, 1, 1], [0, 1, 2], [3, 2, 2], [0, 2, 2], [0, 3, 1], [1, 0, 3], [1, 1, 0], [3, 2, 1], [3, 1, 3], [3, 1, 1], [1, 2, 0], [3, 0, 3], [2, 2, 0], [1, 2, 3], [1, 3, 1], [1, 3, 2], [2, 0, 1], [2, 1, 0]], [3.8094, 1.8216, 1.707]]
[[[0, 1, 1], [0, 1, 2], [3, 2, 2], [0, 2, 2], [0, 3, 1], [1, 0, 3], [1, 1, 0], [3, 2, 1], [3, 1, 3], [3, 0, 3], [1, 2, 0], [2, 2, 0], [2, 1, 0], [1, 2, 3], [1, 3, 1], [1, 3, 2], [2, 0, 1]], [1.6508, 0.2975, 0.6736]]
[[[0, 1, 1], [0, 1, 2], [3, 2, 2], [0, 2, 2], [0, 3, 1], [1, 0, 3], [1, 1, 0], [3, 2, 1], [3, 1, 3], [3, 0, 3], [1, 2, 0], [2, 2, 0], [2, 1, 0], [1, 2, 3], [1, 3, 1], [1, 3, 2], [2, 0, 2]], [4.1561, 2.862, 4.7874]]
[[[0, 1, 1], [0, 1, 2], [3, 2, 2], [0, 3, 1], [1, 0, 3], [1, 1, 0], [3, 2, 1], [3, 1, 3], [3, 0, 3], [1, 2, 0], [2, 2, 0], [2, 1, 0], [1, 2, 3], [1, 3, 1], [1, 3, 2], [2, 0, 2]], [4.2493, 0.7181, 2.1139]]
[[[0, 1, 1], [0, 1, 2], [0, 2, 1], [1, 0, 3], [1, 1, 0], [3, 2, 2], [3, 2, 1], [3, 1, 3], [1, 2, 0], [3, 0, 3], [2, 2, 0], [1, 2, 3], [1, 3, 1], [1, 3, 2], [2, 0, 2], [2, 1, 0]], [1.2162, 3.1584, 0.4185]]
[[[0, 1, 1], [0, 1, 2], [0, 2, 1], [1, 1, 0], [3, 2, 2], [3, 2, 1], [1, 1, 3], [1, 2, 0], [3, 1, 3], [3, 0, 3], [1, 2, 3], [1, 3, 1], [1, 3, 2], [2, 0, 2], [2, 0, 3], [2, 1, 0], [2, 2, 0]], [2.1356, 0.3542, 0.4692]]
[[[0, 1, 1], [0, 1, 2], [0, 2, 1], [1, 1, 0], [3, 2, 2], [3, 2, 1], [1, 1, 3], [1, 2, 0], [3, 1, 3], [3, 0, 3], [1, 2, 3], [1, 3, 1], [1, 3, 2], [2, 0, 2], [2, 0, 3], [2, 1, 0]], [4.7394, 0.4082, 1.5127]]
[[[0, 1, 1], [0, 1, 2], [0, 2, 1], [1, 1, 0], [3, 2, 2], [3, 2, 1], [1, 1, 3], [3, 1, 3], [3, 0, 3], [1, 2, 3], [1, 3, 1], [1, 3, 2], [2, 0, 2], [2, 0, 3], [2, 1, 0]], [4.3088, 1.3485, 0.6086]]
[[[0, 1, 1], [0, 1, 2], [0, 2, 1], [1, 1, 0], [3, 2, 2], [3, 2, 1], [3, 1, 3], [3, 0, 3], [1, 2, 3], [1, 3, 1], [1, 3, 2], [2, 0, 2], [2, 0, 3], [2, 1, 0]], [3.2529, 2.0259, 0.2548]]
[[[0, 1, 1], [0, 1, 2], [0, 2, 1], [1, 1, 0], [3, 2, 2], [3, 2, 1], [3, 1, 3], [3, 0, 3], [1, 2, 3], [1, 3, 2], [2, 0, 2], [2, 0, 3], [2, 1, 0]], [0.7612, 0.5633, 2.1596]]
[[[0, 1, 1], [0, 1, 2], [0, 2, 1], [1, 1, 0], [3, 2, 2], [3, 1, 3], [3, 1, 2], [3, 0, 3], [1, 2, 3], [1, 3, 2], [2, 0, 2], [2, 0, 3], [2, 1, 0], [2, 2, 1]], [1.7653, 1.9949, 3.4038]]
[[[0, 1, 1], [0, 1, 2], [0, 2, 1], [1, 1, 0], [3, 2, 2], [3, 1, 3], [3, 1, 2], [3, 0, 3], [1, 2, 3], [1, 3, 2], [2, 0, 3], [2, 1, 0], [2, 2, 1]], [3.3673, 1.7127, 5.0139]]
[[[0, 1, 1], [0, 1, 2], [0, 2, 1], [1, 1, 0], [3, 2, 2], [3, 1, 3], [3, 1, 2], [3, 0, 3], [1, 2, 3], [1, 3, 2], [2, 1, 0], [2, 2, 1]], [1.3144, -3.6952, -3.2018]]
[[[0, 1, 1], [0, 1, 2], [0, 2, 1], [1, 1, 0], [3, 2, 2], [3, 1, 3], [3, 1, 2], [3, 0, 3], [1, 2, 3], [1, 3, 2], [2, 2, 1]], [0.9986, 0.4456, 1.4022]]
[[[0, 1, 1], [0, 1, 2], [0, 2, 1], [3, 2, 2], [3, 1, 3], [3, 1, 2], [3, 0, 3], [1, 2, 3], [1, 3, 2], [2, 1, 1], [2, 2, 1]], [0.5656, 0.1448, 3.2816]]
[[[0, 1, 1], [0, 1, 2], [0, 2, 1], [1, 1, 1], [3, 2, 2], [3, 1, 3], [3, 1, 2], [1, 2, 3], [1, 3, 2], [3, 0, 3], [2, 2, 1]], [2.008, 2.5544, 0.2736]]
[[[0, 1, 1], [0, 1, 2], [0, 2, 1], [1, 1, 1], [3, 2, 2], [3, 1, 2], [3, 0, 3], [1, 2, 3], [1, 3, 2], [2, 2, 1]], [4.3037, 1.908, 1.4587]]
[[[0, 1, 1], [0, 2, 1], [1, 1, 1], [3, 2, 2], [3, 1, 2], [3, 0, 3], [1, 2, 3], [1, 3, 2], [2, 2, 1]], [4.3283, 1.8218, 4.459]]
[[[0, 1, 1], [0, 2, 1], [1, 1, 1], [3, 2, 2], [3, 1, 2], [3, 0, 3], [1, 3, 2], [2, 2, 1], [2, 1, 3]], [1.9013, -2.2914, 3.2395]]
[[[0, 1, 1], [0, 2, 1], [3, 2, 2], [3, 1, 2], [3, 0, 3], [1, 3, 2], [2, 2, 1], [2, 1, 3]], [2.7386, 4.2127, 2.5255]]
[[[0, 1, 1], [0, 2, 1], [3, 2, 2], [3, 1, 2], [1, 2, 2], [3, 0, 3], [2, 1, 3], [2, 2, 1]], [3.5293, 3.0045, 1.5232]]
[[[0, 1, 1], [0, 2, 1], [3, 2, 2], [3, 1, 2], [3, 0, 3], [2, 1, 3], [2, 2, 1], [2, 2, 2]], [3.0902, 4.1324, 1.8745]]
[[[0, 1, 1], [0, 2, 1], [3, 2, 2], [3, 1, 2], [3, 0, 3], [2, 1, 3], [2, 2, 1]], [5.9819, 5.3833, 5.7807]]
[[[0, 1, 1], [0, 2, 1], [3, 2, 2], [1, 2, 1], [3, 1, 2], [2, 1, 3], [3, 0, 3]], [0.8083, -2.4156, 2.9547]]
[[[0, 1, 1], [0, 2, 1], [3, 2, 2], [1, 2, 1], [3, 1, 2], [2, 1, 3]], [-1.1579, 0.0771, 1.9392]]
[[[0, 1, 1], [0, 2, 1], [3, 2, 2], [1, 2, 1], [2, 1, 2], [2, 1, 3]], [1.582, -1.8535, 5.2694]]
[[[0, 1, 1], [0, 2, 1], [2, 1, 3], [1, 2, 1], [2, 1, 2]], [2.7549, 5.1433, 5.9131]]
[[[0, 1, 1], [0, 2, 1], [1, 1, 2], [1, 2, 1], [2, 1, 2]], -1]
[[[0, 0, 0], [3, 0, 0], [3, 3, 0], [0, 3, 0], [0, 0, 3], [3, 0, 3], [3, 3, 3], [0, 3, 3]], [6.0, 6.0007, 5.9976]]
[[[0, 0, 0], [3, 3, 3], [3, 3, 1], [0, 0, 3], [3, 2, 0], [3, 0, 3], [3, 0, 0], [2, 3, 0], [0, 3, 3], [0, 3, 0]], [5.8635, 5.8694, 6.1378]]
[[[0, 0, 0], [3, 3, 3], [3, 3, 1], [0, 0, 3], [3, 2, 0], [3, 1, 0], [3, 0, 3], [3, 0, 1], [2, 3, 0], [2, 0, 0], [0, 3, 3], [0, 3, 0]], [5.741, 6.0, 6.2591]]
[[[0, 0, 0], [3, 3, 3], [3, 3, 1], [0, 0, 3], [3, 2, 0], [3, 1, 3], [3, 1, 0], [3, 0, 2], [3, 0, 1], [2, 3, 0], [2, 0, 3], [2, 0, 0], [0, 3, 0], [0, 3, 3]], [5.613, 6.1237, 6.1237]]
[[[0, 0, 0], [3, 3, 3], [3, 3, 1], [0, 0, 3], [3, 2, 0], [3, 1, 3], [3, 1, 0], [3, 0, 1], [2, 3, 0], [2, 0, 3], [2, 0, 0], [0, 3, 3], [0, 3, 0]], [5.5744, 6.1625, 6.1096]]
[[[0, 0, 0], [3, 3, 3], [3, 3, 1], [0, 0, 3], [3, 2, 0], [3, 1, 3], [3, 1, 0], [3, 0, 1], [2, 0, 3], [2, 0, 0], [1, 3, 0], [0, 3, 3], [0, 3, 0]], [7.9346, 4.8121, 2.8589]]
[[[0, 0, 0], [3, 3, 3], [3, 3, 1], [0, 0, 3], [3, 2, 0], [3, 1, 3], [3, 1, 0], [3, 0, 1], [2, 0, 3], [2, 0, 0], [1, 3, 3], [0, 2, 3], [0, 3, 0], [1, 3, 0], [0, 3, 2]], [7.4469, 4.6101, 2.645]]
[[[0, 0, 0], [3, 3, 3], [3, 3, 1], [0, 0, 3], [3, 2, 0], [3, 1, 3], [3, 1, 0], [3, 0, 1], [2, 0, 0], [1, 3, 3], [1, 3, 0], [0, 2, 3], [0, 3, 0], [1, 0, 3], [0, 3, 2]], [2.1299, 4.4708, 6.2799]]
[[[0, 0, 0], [3, 3, 3], [3, 3, 1], [0, 0, 3], [3, 2, 0], [3, 1, 3], [3, 1, 0], [3, 0, 1], [0, 2, 0], [2, 0, 0], [1, 3, 3], [0, 2, 3], [0, 3, 1], [0, 3, 2], [1, 3, 0], [1, 0, 3]], [1.8322, 3.0064, 2.0065]]
[[[0, 0, 0], [3, 3, 3], [3, 3, 1], [0, 0, 3], [3, 2, 0], [3, 1, 3], [3, 1, 0], [3, 0, 1], [0, 2, 0], [1, 3, 3], [1, 3, 0], [0, 2, 3], [0, 3, 1], [0, 3, 2], [1, 0, 0], [1, 0, 3]], [3.4146, 5.9484, 0.8533]]
[[[0, 0, 0], [3, 3, 3], [3, 3, 1], [0, 0, 3], [3, 2, 0], [3, 1, 3], [3, 0, 1], [1, 3, 3], [0, 2, 0], [1, 3, 0], [1, 0, 3], [0, 2, 3], [0, 3, 1], [0, 3, 2], [1, 0, 0]], [3.9681, 3.4892, 0.2799]]
[[[0, 0, 0], [3, 3, 3], [3, 3, 1], [0, 0, 3], [3, 2, 0], [3, 1, 3], [3, 0, 1], [0, 1, 3], [0, 2, 0], [1, 3, 3], [1, 3, 0], [0, 3, 1], [0, 3, 2], [1, 0, 0], [1, 0, 3]], [3.6253, 5.0558, 0.4898]]
[[[0, 0, 0], [3, 3, 2], [3, 3, 1], [0, 0, 3], [3, 2, 3], [3, 2, 0], [3, 1, 3], [0, 1, 3], [0, 2, 0], [3, 0, 1], [2, 3, 3], [0, 3, 1], [0, 3, 2], [1, 0, 0], [1, 3, 3], [1, 3, 0], [1, 0, 3]], [1.9778, 2.8509, 2.5746]]
[[[0, 0, 0], [3, 3, 2], [3, 3, 1], [0, 0, 3], [3, 2, 3], [3, 2, 0], [3, 1, 3], [0, 1, 3], [0, 2, 0], [3, 0, 1], [1, 3, 3], [0, 3, 1], [0, 3, 2], [1, 0, 0], [1, 3, 0], [1, 0, 3]], [2.0064, 2.8478, 2.6162]]
[[[0, 0, 0], [3, 3, 2], [3, 3, 1], [0, 0, 3], [3, 2, 3], [3, 2, 0], [3, 1, 3], [0, 1, 3], [0, 2, 0], [3, 0, 1], [1, 3, 3], [0, 3, 2], [1, 0, 0], [1, 3, 0], [1, 0, 3]], [1.681, 3.048, 2.1998]]
[[[0, 0, 0], [3, 3, 2], [3, 3, 1], [0, 0, 3], [3, 2, 3], [3, 2, 0], [3, 1, 3], [0, 1, 3], [0, 2, 0], [3, 0, 1], [2, 0, 2], [0, 3, 2], [1, 0, 0], [1, 3, 3], [1, 3, 0]], [4.5143, 3.3958, 1.2273]]
[[[0, 0, 0], [3, 3, 2], [3, 3, 1], [0, 0, 3], [3, 2, 3], [3, 2, 0], [3, 1, 3], [0, 1, 3], [0, 2, 0], [3, 0, 1], [2, 0, 2], [0, 3, 2], [1, 0, 0], [1, 3, 0], [1, 2, 3]], [1.8782, 4.3814, -3.3821]]
[[[0, 0, 0], [3, 3, 2], [3, 3, 1], [0, 0, 3], [3, 2, 3], [3, 2, 0], [3, 1, 3], [0, 2, 0], [3, 0, 1], [2, 0, 2], [0, 3, 2], [1, 0, 0], [1, 3, 0], [1, 2, 3]], [4.639, 4.197, 1.7222]]
[[[0, 0, 0], [3, 3, 2], [0, 0, 2], [3, 3, 1], [3, 2, 3], [3, 2, 0], [0, 2, 0], [3, 1, 3], [3, 0, 1], [0, 3, 2], [1, 0, 0], [2, 0, 2], [1, 3, 0], [1, 2, 3], [1, 1, 3]], [1.225, 4.9314, 1.9632]]
[[[0, 0, 0], [3, 3, 2], [0, 0, 2], [3, 3, 1], [3, 2, 3], [3, 2, 0], [0, 2, 0], [3, 1, 3], [0, 2, 2], [1, 0, 0], [3, 0, 1], [2, 0, 2], [1, 3, 2], [1, 3, 0], [1, 2, 3], [1, 1, 3]], [1.4381, 3.2464, 1.2121]]
[[[0, 0, 0], [3, 3, 2], [0, 0, 2], [3, 3, 1], [3, 2, 3], [3, 2, 0], [0, 2, 0], [3, 1, 3], [0, 2, 2], [1, 0, 0], [3, 1, 1], [2, 0, 2], [2, 0, 1], [1, 3, 2], [1, 3, 0], [1, 1, 3], [1, 2, 3]], [3.6656, 1.0147, 4.4634]]
[[[0, 0, 0], [3, 3, 2], [0, 0, 2], [3, 3, 1], [3, 2, 3], [3, 2, 0], [0, 2, 0], [3, 1, 3], [0, 2, 2], [1, 0, 0], [3, 1, 1], [2, 0, 2], [2, 0, 1], [1, 3, 2], [1, 3, 1], [1, 1, 3], [1, 2, 3]], [2.6245, 3.235, 4.8631]]
[[[0, 0, 0], [3, 3, 2], [0, 0, 2], [3, 3, 1], [3, 2, 3], [0, 1, 2], [0, 2, 0], [0, 2, 1], [1, 0, 0], [3, 2, 0], [3, 1, 3], [3, 1, 1], [2, 0, 2], [2, 0, 1], [1, 1, 3], [1, 3, 2], [1, 3, 1], [1, 2, 3]], [1.8599, 1.8891, 0.5646]]
[[[0, 0, 0], [3, 3, 2], [0, 0, 2], [3, 3, 1], [3, 2, 0], [0, 1, 2], [0, 2, 0], [0, 2, 1], [1, 0, 0], [3, 1, 3], [3, 1, 1], [2, 2, 3], [2, 0, 2], [2, 0, 1], [1, 1, 3], [1, 3, 2], [1, 3, 1], [1, 2, 3]], [2.4161, 2.2453, 4.4085]]
[[[0, 0, 0], [3, 3, 2], [0, 0, 2], [3, 3, 1], [3, 2, 0], [0, 2, 0], [0, 2, 1], [1, 0, 0], [3, 1, 3], [3, 1, 1], [2, 2, 3], [2, 0, 2], [2, 0, 1], [1, 1, 3], [1, 3, 2], [1, 3, 1], [1, 2, 3]], [0.7819, 1.0949, 0.6962]]
[[[0, 0, 0], [3, 3, 2], [0, 0, 2], [3, 3, 1], [3, 2, 0], [0, 2, 0], [0, 2, 1], [1, 0, 0], [3, 1, 3], [3, 1, 1], [2, 2, 3], [2, 1, 3], [2, 0, 2], [2, 0, 1], [1, 3, 2], [1, 3, 1], [1, 2, 3]], [3.307, 1.1729, 5.4575]]
[[[0, 0, 0], [3, 3, 2], [0, 0, 2], [3, 3, 1], [3, 2, 0], [0, 2, 0], [1, 0, 0], [3, 1, 3], [3, 1, 1], [2, 2, 3], [2, 1, 3], [2, 0, 2], [2, 0, 1], [1, 3, 2], [1, 3, 1], [1, 2, 3]], [1.0574, 3.7386, 0.7851]]
[[[0, 0, 0], [3, 3, 2], [0, 0, 2], [0, 1, 0], [0, 1, 1], [1, 0, 0], [3, 3, 1], [3, 2, 0], [3, 1, 3], [3, 1, 1], [2, 2, 3], [1, 2, 0], [2, 1, 3], [2, 0, 2], [1, 2, 3], [1, 3, 1], [1, 3, 2], [2, 0, 1]], [4.8306, 5.6587, 0.9633]]
[[[0, 0, 0], [3, 3, 2], [0, 0, 2], [0, 1, 0], [0, 1, 1], [1, 0, 0], [3, 3, 1], [3, 2, 0], [3, 1, 3], [3, 1, 1], [2, 2, 3], [1, 2, 0], [2, 1, 3], [2, 0, 2], [1, 3, 1], [1, 3, 2], [2, 0, 1]], [1.194, 0.6421, 4.4212]]
[[[0, 0, 0], [0, 0, 1], [0, 1, 0], [0, 1, 1], [1, 0, 0], [3, 3, 2], [1, 0, 2], [3, 3, 1], [3, 2, 0], [3, 1, 3], [1, 2, 0], [3, 1, 1], [2, 2, 3], [1, 3, 1], [1, 3, 2], [2, 0, 1], [2, 0, 2], [2, 1, 3]], [2.2825, 3.7827, 0.3119]]
[[[0, 0, 0], [0, 0, 1], [0, 1, 0], [0, 1, 1], [1, 0, 0], [3, 3, 2], [1, 0, 2], [3, 2, 0], [3, 1, 3], [3, 1, 1], [1, 2, 0], [2, 3, 1], [2, 2, 3], [1, 3, 1], [1, 3, 2], [2, 0, 1], [2, 0, 2], [2, 1, 3]], [3.7388, 3.3511, 1.8642]]
[[[0, 0, 0], [0, 0, 1], [0, 1, 0], [0, 1, 1], [1, 0, 0], [3, 3, 2], [1, 0, 2], [3, 2, 1], [3, 1, 3], [3, 1, 1], [1, 2, 0], [2, 3, 1], [2, 2, 3], [1, 3, 1], [1, 3, 2], [2, 0, 1], [2, 0, 2], [2, 1, 0], [2, 2, 0], [2, 1, 3]], [1.2998, 2.0578, 1.2694]]
[[[0, 0, 0], [0, 0, 1], [0, 1, 1], [1, 0, 0], [3, 3, 2], [1, 0, 2], [3, 2, 1], [3, 1, 3], [3, 1, 1], [1, 2, 0], [2, 3, 1], [2, 2, 3], [1, 3, 1], [1, 3, 2], [2, 0, 1], [2, 0, 2], [2, 1, 0], [2, 2, 0], [2, 1, 3]], [5.3935, 4.5829, 3.4907]]
[[[0, 0, 0], [0, 0, 1], [0, 1, 1], [3, 3, 2], [1, 0, 2], [3, 2, 1], [3, 1, 3], [3, 1, 1], [1, 2, 0], [2, 3, 1], [2, 2, 3], [1, 3, 1], [1, 3, 2], [2, 0, 1], [2, 0, 2], [2, 1, 0], [2, 2, 0], [2, 1, 3]], [1.4409, 3.2403, 3.31]]
[[[0, 0, 0], [0, 0, 1], [0, 1, 1], [3, 3, 2], [1, 0, 2], [3, 2, 1], [3, 1, 3], [3, 1, 1], [1, 2, 0], [2, 3, 1], [2, 2, 3], [1, 3, 1], [1, 3, 2], [2, 0, 1], [2, 1, 0], [2, 2, 0], [2, 1, 3]], [2.0358, 0.4436, 4.3413]]
[[[0, 0, 0], [0, 0, 1], [3, 3, 2], [1, 0, 2], [3, 2, 1], [3, 1, 3], [3, 1, 1], [1, 2, 0], [2, 3, 1], [2, 2, 3], [1, 3, 1], [1, 3, 2], [2, 0, 1], [2, 1, 0], [2, 2, 0], [2, 1, 3]], [4.3167, 3.2499, 4.5221]]
[[[0, 0, 0], [0, 0, 1], [3, 3, 2], [1, 0, 2], [3, 2, 1], [3, 1, 3], [3, 1, 1], [1, 2, 0], [2, 3, 1], [2, 2, 3], [1, 3, 2], [2, 0, 1], [2, 1, 0], [2, 2, 0], [2, 1, 3]], [6.3099, 2.0602, 3.6175]]
[[[0, 0, 0], [0, 0, 1], [3, 3, 2], [1, 0, 2], [3, 2, 1], [3, 1, 3], [3, 1, 1], [1, 2, 0], [2, 3, 1], [2, 2, 3], [1, 3, 2], [2, 0, 1], [2, 2, 0], [2, 1, 3]], [2.0725, 1.157, 2.2325]]
[[[0, 0, 0], [0, 0, 1], [3, 2, 2], [1, 0, 2], [3, 2, 1], [3, 1, 3], [3, 1, 1], [1, 2, 0], [2, 3, 2], [2, 3, 1], [1, 3, 2], [2, 0, 1], [2, 2, 3], [2, 2, 0], [2, 1, 3]], [0.5106, 4.8613, 5.1799]]
[[[0, 0, 0], [0, 0, 1], [3, 2, 1], [1, 0, 2], [3, 1, 3], [3, 1, 1], [2, 3, 2], [1, 2, 0], [2, 3, 1], [2, 2, 3], [1, 3, 2], [2, 0, 1], [2, 2, 0], [2, 1, 3]], [1.9722, 5.0097, 2.8928]]
[[[0, 0, 0], [0, 0, 1], [3, 1, 3], [1, 0, 2], [3, 1, 1], [2, 3, 2], [2, 3, 1], [1, 2, 0], [2, 2, 3], [2, 2, 0], [1, 3, 2], [2, 0, 1], [2, 1, 3]], [5.5481, 2.6144, 2.1771]]
[[[0, 0, 0], [0, 0, 1], [1, 0, 1], [1, 0, 2], [3, 1, 3], [3, 1, 1], [2, 3, 2], [1, 2, 0], [2, 3, 1], [2, 2, 3], [1, 3, 2], [2, 2, 0], [2, 1, 3]], [4.552, 2.1503, 3.1339]]
[[[0, 0, 0], [0, 0, 1], [1, 0, 2], [3, 1, 3], [3, 1, 1], [2, 3, 2], [1, 2, 0], [2, 3, 1], [2, 2, 3], [1, 3, 2], [2, 2, 0], [2, 1, 3]], [2.9524, 1.4954, 2.6799]]
[[[0, 0, 0], [1, 0, 2], [3, 1, 3], [3, 1, 1], [2, 3, 2], [1, 2, 0], [2, 3, 1], [2, 2, 3], [1, 3, 2], [2, 2, 0], [2, 1, 3]], [1.8953, 1.0309, 2.5507]]
[[[0, 0, 0], [1, 0, 2], [3, 1, 3], [3, 1, 1], [2, 3, 2], [1, 2, 0], [2, 3, 1], [2, 2, 0], [1, 3, 2], [2, 1, 3]], [3.8448, 1.8399, 2.5408]]
[[[1, 0, 2], [1, 1, 0], [3, 1, 3], [3, 1, 1], [1, 2, 0], [2, 3, 2], [2, 3, 1], [1, 3, 2], [2, 2, 0], [2, 1, 3]], [-1.2498, -3.2124, 2.6293]]
[[[1, 0, 2], [1, 1, 0], [3, 1, 3], [3, 1, 1], [1, 2, 0], [2, 3, 2], [2, 3, 1], [1, 3, 2], [2, 1, 3]], [2.127, 4.0571, 2.9378]]
[[[1, 0, 2], [1, 1, 0], [3, 1, 3], [3, 1, 1], [1, 2, 0], [2, 3, 1], [2, 1, 3], [1, 3, 2]], [2.7656, 0.1711, 2.1007]]
[[[1, 0, 2], [1, 1, 0], [3, 1, 3], [3, 1, 1], [1, 2, 0], [2, 3, 1], [1, 3, 2]], [-3.3822, -1.6613, 3.2441]]
[[[1, 1, 0], [3, 1, 3], [1, 1, 2], [1, 2, 0], [3, 1, 1], [2, 3, 1], [1, 3, 2]], [2.3396, 4.5063, 2.9603]]
[[[1, 1, 0], [3, 1, 3], [1, 1, 2], [1, 2, 0], [3, 1, 1], [2, 2, 1], [1, 3, 2]], [0.3571, 2.9072, -0.2142]]
[[[1, 1, 0], [1, 1, 1], [1, 2, 0], [3, 1, 3], [1, 2, 2], [1, 3, 2], [3, 1, 1], [2, 2, 1]], [5.4427, -0.6153, 2.8043]]
[[[1, 1, 0], [1, 1, 1], [1, 2, 0], [3, 1, 3], [1, 2, 2], [1, 3, 2], [3, 1, 2], [2, 2, 1]], [0.8742, 1.4433, -2.0529]]
[[[1, 1, 1], [1, 2, 0], [3, 1, 3], [1, 2, 2], [1, 3, 2], [2, 1, 1], [3, 1, 2], [2, 2, 1]], [-9.0066, 3.5456, 0.5735]]
[[[1, 1, 1], [1, 2, 0], [3, 1, 3], [1, 2, 2], [1, 3, 2], [2, 1, 1], [3, 1, 2]], [4.8921, 5.7323, 4.34]]
[[[1, 2, 0], [3, 1, 3], [1, 2, 2], [1, 3, 2], [2, 1, 1], [2, 1, 2], [3, 1, 2]], -1]
[[[1, 2, 0], [1, 2, 1], [1, 3, 2], [2, 1, 1], [2, 1, 2], [3, 1, 3], [3, 1, 2]], [4.9551, 4.48, 4.4331]]
[[[1, 2, 1], [1, 3, 2], [2, 1, 1], [2, 1, 2], [3, 1, 3], [3, 1, 2]], -1]
[[[1, 2, 1], [1, 3, 2], [2, 1, 2], [3, 1, 3], [3, 1, 2]], -1]
