[[32, 0, 0], 0.01852]
[[32, 1, 0], 0.023967]
[[32, 1, 1], 0.021794]
[[32, 2, 0], 0.018621]
[[32, 2, 1], 0.033078]
[[32, 2, 2], 0.032674]
[[32, 3, 0], 0.022155]
[[32, 3, 1], 0.017445]
[[32, 3, 2], 0.029342]
[[32, 3, 3], 0.030452]
[[32, 4, 0], 0.018108]
[[32, 4, 1], 0.026032]
[[32, 4, 2], 0.014778]
[[32, 4, 3], 0.041541]
[[32, 4, 4], 0.026162]
[[32, 5, 0], 0.04736]
[[32, 5, 1], 0.021362]
[[32, 5, 2], 0.049451]
[[32, 5, 3], 0.042494]
[[32, 5, 4], 0.027521]
[[32, 5, 5], 0.028999]
[[32, 6, 0], 0.038664]
[[32, 6, 1], 0.045192]
[[32, 6, 2], 0.04229]
[[32, 6, 3], 0.038209]
[[32, 6, 4], 0.028681]
[[32, 6, 5], 0.029348]
[[32, 6, 6], 0.030218]
[[32, 7, 0], 0.032558]
[[32, 7, 1], 0.039868]
[[32, 7, 2], 0.044586]
[[32, 7, 3], 0.035101]
[[32, 7, 4], 0.029687]
[[32, 7, 5], 0.030799]
[[32, 7, 6], 0.030574]
[[32, 7, 7], 0.030603]
[[32, 8, 0], 0.049632]
[[32, 8, 1], 0.035734]
[[32, 8, 2], 0.034199]
[[32, 8, 3], 0.032318]
[[32, 8, 4], 0.03057]
[[32, 8, 5], 0.029881]
[[32, 8, 6], 0.031492]
[[32, 8, 7], 0.031241]
[[32, 8, 8], 0.030517]
[[32, 9, 0], 0.044279]
[[32, 9, 1], 0.032438]
[[32, 9, 2], 0.042116]
[[32, 9, 3], 0.029852]
[[32, 9, 4], 0.031351]
[[32, 9, 5], 0.03009]
[[32, 9, 6], 0.031295]
[[32, 9, 7], 0.027901]
[[32, 9, 8], 0.031613]
[[32, 9, 9], 0.026155]
[[32, 10, 0], 0.039991]
[[32, 10, 1], 0.029752]
[[32, 10, 2], 0.041284]
[[32, 10, 3], 0.030771]
[[32, 10, 4], 0.032047]
[[32, 10, 5], 0.030271]
[[32, 10, 6], 0.031469]
[[32, 10, 7], 0.02911]
[[32, 10, 8], 0.028435]
[[32, 10, 9], 0.022867]
[[32, 10, 10], 0.020076]
[[32, 11, 0], 0.036477]
[[32, 11, 1], 0.027527]
[[32, 11, 2], 0.026773]
[[32, 11, 3], 0.036019]
[[32, 11, 4], 0.032671]
[[32, 11, 5], 0.030429]
[[32, 11, 6], 0.030614]
[[32, 11, 7], 0.0305]
[[32, 11, 8], 0.027836]
[[32, 11, 9], 0.026089]
[[32, 11, 10], 0.027073]
[[32, 11, 11], 0.019188]
[[32, 12, 0], 0.033545]
[[32, 12, 1], 0.025655]
[[32, 12, 2], 0.025037]
[[32, 12, 3], 0.017687]
[[32, 12, 4], 0.033234]
[[32, 12, 5], 0.030568]
[[32, 12, 6], 0.033061]
[[32, 12, 7], 0.02965]
[[32, 12, 8], 0.029734]
[[32, 12, 9], 0.024089]
[[32, 12, 10], 0.020192]
[[32, 12, 11], 0.015877]
[[32, 12, 12], 0.015936]
[[32, 13, 0], 0.031061]
[[32, 13, 1], 0.024062]
[[32, 13, 2], 0.039607]
[[32, 13, 3], 0.0288]
[[32, 13, 4], 0.033743]
[[32, 13, 5], 0.024146]
[[32, 13, 6], 0.034146]
[[32, 13, 7], 0.030296]
[[32, 13, 8], 0.024585]
[[32, 13, 9], 0.022735]
[[32, 13, 10], 0.020493]
[[32, 13, 11], 0.032383]
[[32, 13, 12], 0.018626]
[[32, 13, 13], 0.017114]
[[32, 14, 0], 0.028928]
[[32, 14, 1], 0.022692]
[[32, 14, 2], 0.039217]
[[32, 14, 3], 0.028356]
[[32, 14, 4], 0.034205]
[[32, 14, 5], 0.030804]
[[32, 14, 6], 0.032215]
[[32, 14, 7], 0.029904]
[[32, 14, 8], 0.034685]
[[32, 14, 9], 0.029034]
[[32, 14, 10], 0.029137]
[[32, 14, 11], 0.019352]
[[32, 14, 12], 0.04177]
[[32, 14, 13], 0.014831]
[[32, 14, 14], 0.016631]
[[32, 15, 0], 0.027078]
[[32, 15, 1], 0.021503]
[[32, 15, 2], 0.038883]
[[32, 15, 3], 0.020731]
[[32, 15, 4], 0.034627]
[[32, 15, 5], 0.030904]
[[32, 15, 6], 0.033459]
[[32, 15, 7], 0.030477]
[[32, 15, 8], 0.02805]
[[32, 15, 9], 0.027737]
[[32, 15, 10], 0.026646]
[[32, 15, 11], 0.019458]
[[32, 15, 12], 0.017721]
[[32, 15, 13], 0.020922]
[[32, 15, 14], 0.020616]
[[32, 15, 15], 0.044323]
[[32, 16, 0], 0.025457]
[[32, 16, 1], 0.020464]
[[32, 16, 2], 0.020154]
[[32, 16, 3], 0.027654]
[[32, 16, 4], 0.028228]
[[32, 16, 5], 0.030994]
[[32, 16, 6], 0.034501]
[[32, 16, 7], 0.030538]
[[32, 16, 8], 0.024492]
[[32, 16, 9], 0.028057]
[[32, 16, 10], 0.020071]
[[32, 16, 11], 0.0183]
[[32, 16, 12], 0.022403]
[[32, 16, 13], 0.01941]
[[32, 16, 14], 0.044758]
[[32, 16, 15], 0.043119]
[[32, 16, 16], 0.041727]
[[32, 17, 0], 0.024024]
[[32, 17, 1], 0.019551]
[[32, 17, 2], 0.038337]
[[32, 17, 3], 0.027371]
[[32, 17, 4], 0.032814]
[[32, 17, 5], 0.02549]
[[32, 17, 6], 0.034189]
[[32, 17, 7], 0.030647]
[[32, 17, 8], 0.029966]
[[32, 17, 9], 0.022302]
[[32, 17, 10], 0.017892]
[[32, 17, 11], 0.019736]
[[32, 17, 12], 0.038004]
[[32, 17, 13], 0.036285]
[[32, 17, 14], 0.043759]
[[32, 17, 15], 0.042087]
[[32, 17, 16], 0.040663]
[[32, 17, 17], 0.038334]
[[32, 18, 0], 0.022749]
[[32, 18, 1], 0.018743]
[[32, 18, 2], 0.018514]
[[32, 18, 3], 0.034816]
[[32, 18, 4], 0.028438]
[[32, 18, 5], 0.031152]
[[32, 18, 6], 0.03385]
[[32, 18, 7], 0.031804]
[[32, 18, 8], 0.025422]
[[32, 18, 9], 0.02947]
[[32, 18, 10], 0.022932]
[[32, 18, 11], 0.021417]
[[32, 18, 12], 0.017721]
[[32, 18, 13], 0.018782]
[[32, 18, 14], 0.042896]
[[32, 18, 15], 0.041194]
[[32, 18, 16], 0.023372]
[[32, 18, 17], 0.038494]
[[32, 18, 18], 0.044792]
[[32, 19, 0], 0.021606]
[[32, 19, 1], 0.018025]
[[32, 19, 2], 0.017828]
[[32, 19, 3], 0.026904]
[[32, 19, 4], 0.02651]
[[32, 19, 5], 0.031221]
[[32, 19, 6], 0.032777]
[[32, 19, 7], 0.03048]
[[32, 19, 8], 0.02973]
[[32, 19, 9], 0.025402]
[[32, 19, 10], 0.025944]
[[32, 19, 11], 0.019021]
[[32, 19, 12], 0.015467]
[[34, 5, 3], 0.043794]
[[34, 5, 4], 0.027731]
[[34, 5, 5], 0.029123]
[[34, 6, 0], 0.038764]
[[34, 6, 1], 0.045017]
[[34, 6, 2], 0.042109]
[[34, 6, 3], 0.038025]
[[34, 6, 4], 0.028891]
[[34, 6, 5], 0.029472]
[[34, 6, 6], 0.032034]
[[34, 7, 0], 0.032662]
[[34, 7, 1], 0.039688]
[[34, 7, 2], 0.044439]
[[34, 7, 3], 0.034918]
[[34, 7, 4], 0.030161]
[[34, 7, 5], 0.029762]
[[34, 7, 6], 0.031343]
[[34, 7, 7], 0.028272]
[[34, 8, 0], 0.049551]
[[34, 8, 1], 0.035549]
[[34, 8, 2], 0.034007]
[[34, 8, 3], 0.048157]
[[34, 8, 4], 0.030779]
[[34, 8, 5], 0.030006]
[[34, 8, 6], 0.03054]
[[34, 8, 7], 0.029413]
[[34, 8, 8], 0.02769]
[[34, 9, 0], 0.0442]
[[34, 9, 1], 0.032247]
[[34, 9, 2], 0.031058]
[[34, 9, 3], 0.031217]
[[34, 9, 4], 0.031558]
[[34, 9, 5], 0.030216]
[[34, 9, 6], 0.030218]
[[34, 9, 7], 0.030683]
[[34, 9, 8], 0.027527]
[[34, 9, 9], 0.024689]
[[34, 10, 0], 0.039914]
[[34, 10, 1], 0.029556]
[[34, 10, 2], 0.028615]
[[34, 10, 3], 0.03061]
[[34, 10, 4], 0.032253]
[[34, 10, 5], 0.030397]
[[34, 10, 6], 0.034591]
[[34, 10, 7], 0.027776]
[[34, 10, 8], 0.025975]
[[34, 10, 9], 0.021715]
[[34, 10, 10], 0.020864]
[[34, 11, 0], 0.036402]
[[34, 11, 1], 0.027323]
[[34, 11, 2], 0.026563]
[[34, 11, 3], 0.025693]
[[34, 11, 4], 0.032875]
[[34, 11, 5], 0.023482]
[[34, 11, 6], 0.031118]
[[34, 11, 7], 0.031295]
[[34, 11, 8], 0.027695]
[[34, 11, 9], 0.020919]
[[34, 11, 10], 0.037784]
[[34, 11, 11], 0.026383]
[[34, 12, 0], 0.033472]
[[34, 12, 1], 0.025445]
[[34, 12, 2], 0.02482]
[[34, 12, 3], 0.024113]
[[34, 12, 4], 0.033435]
[[34, 12, 5], 0.030695]
[[34, 12, 6], 0.032658]
[[34, 12, 7], 0.029123]
[[34, 12, 8], 0.02926]
[[34, 12, 9], 0.022189]
[[34, 12, 10], 0.031968]
[[34, 12, 11], 0.020866]
[[34, 12, 12], 0.020233]
[[34, 13, 0], 0.03099]
[[34, 13, 1], 0.023844]
[[34, 13, 2], 0.039465]
[[34, 13, 3], 0.032841]
[[34, 13, 4], 0.033942]
[[34, 13, 5], 0.03082]
[[34, 13, 6], 0.033004]
[[34, 13, 7], 0.031365]
[[34, 13, 8], 0.025769]
[[34, 13, 9], 0.027549]
[[34, 13, 10], 0.032947]
[[34, 13, 11], 0.017645]
[[34, 13, 12], 0.017672]
[[34, 13, 13], 0.013428]
[[34, 14, 0], 0.02886]
[[34, 14, 1], 0.022466]
[[34, 14, 2], 0.039076]
[[34, 14, 3], 0.033129]
[[34, 14, 4], 0.028087]
[[34, 14, 5], 0.030931]
[[34, 14, 6], 0.033921]
[[34, 14, 7], 0.031383]
[[34, 14, 8], 0.032099]
[[34, 14, 9], 0.034896]
[[34, 14, 10], 0.019756]
[[34, 14, 11], 0.020226]
[[34, 14, 12], 0.027078]
[[34, 14, 13], 0.020429]
[[34, 14, 14], 0.013148]
[[34, 15, 0], 0.027011]
[[34, 15, 1], 0.021269]
[[34, 15, 2], 0.020897]
[[34, 15, 3], 0.027822]
[[34, 15, 4], 0.034823]
[[34, 15, 5], 0.025063]
[[34, 15, 6], 0.03341]
[[34, 15, 7], 0.031685]
[[34, 15, 8], 0.029305]
[[34, 15, 9], 0.020604]
[[34, 15, 10], 0.020862]
[[34, 15, 11], 0.02069]
[[34, 15, 12], 0.028954]
[[34, 15, 13], 0.015375]
[[34, 15, 14], 0.019381]
[[34, 15, 15], 0.027504]
[[34, 16, 0], 0.025391]
[[34, 16, 1], 0.020222]
[[34, 16, 2], 0.038451]
[[34, 16, 3], 0.027498]
[[34, 16, 4], 0.028337]
[[34, 16, 5], 0.031122]
[[34, 16, 6], 0.034313]
[[34, 16, 7], 0.03183]
[[34, 16, 8], 0.027622]
[[34, 16, 9], 0.037006]
[[34, 16, 10], 0.030792]
[[34, 16, 11], 0.021649]
[[34, 16, 12], 0.020309]
[[34, 16, 13], 0.019196]
[[34, 16, 14], 0.030873]
[[34, 16, 15], 0.022199]
[[34, 16, 16], 0.025591]
[[34, 17, 0], 0.02396]
[[34, 17, 1], 0.019299]
[[34, 17, 2], 0.038196]
[[34, 17, 3], 0.027216]
[[34, 17, 4], 0.026256]
[[34, 17, 5], 0.031205]
[[34, 17, 6], 0.028345]
[[34, 17, 7], 0.031031]
[[34, 17, 8], 0.026069]
[[34, 17, 9], 0.03002]
[[34, 17, 10], 0.022521]
[[34, 17, 11], 0.020344]
[[34, 17, 12], 0.015156]
[[34, 17, 13], 0.045603]
[[34, 17, 14], 0.043618]
[[34, 17, 15], 0.041941]
[[34, 17, 16], 0.015542]
[[34, 17, 17], 0.024034]
[[34, 18, 0], 0.022687]
[[34, 18, 1], 0.018482]
[[34, 18, 2], 0.037971]
[[34, 18, 3], 0.026968]
[[34, 18, 4], 0.035886]
[[34, 18, 5], 0.03128]
[[34, 18, 6], 0.03468]
[[34, 18, 7], 0.029914]
[[34, 18, 8], 0.029388]
[[34, 18, 9], 0.030466]
[[34, 18, 10], 0.02265]
[[34, 18, 11], 0.025995]
[[34, 18, 12], 0.025987]
[[34, 18, 13], 0.018974]
[[34, 18, 14], 0.042754]
[[34, 18, 15], 0.033024]
[[34, 18, 16], 0.01677]
[[34, 18, 17], 0.038336]
[[34, 18, 18], 0.027332]
[[34, 19, 0], 0.021546]
[[34, 19, 1], 0.017754]
[[34, 19, 2], 0.037771]
[[34, 19, 3], 0.026749]
[[34, 19, 4], 0.036187]
[[34, 19, 5], 0.031349]
[[34, 19, 6], 0.033902]
[[34, 19, 7], 0.030703]
[[34, 19, 8], 0.026214]
[[34, 19, 9], 0.024462]
[[34, 19, 10], 0.019629]
[[34, 19, 11], 0.022696]
[[34, 19, 12], 0.027598]
[[34, 19, 13], 0.044043]
[[34, 19, 14], 0.027557]
[[34, 19, 15], 0.015385]
[[34, 19, 16], 0.038785]
[[34, 19, 17], 0.037508]
[[34, 19, 18], 0.036401]
[[34, 19, 19], 0.035436]
[[34, 20, 0], 0.020518]
[[34, 20, 1], 0.017103]
[[34, 20, 2], 0.016925]
[[34, 20, 3], 0.016727]
[[34, 20, 4], 0.028726]
[[34, 20, 5], 0.031413]
[[34, 20, 6], 0.032978]
[[34, 20, 7], 0.030416]
[[34, 20, 8], 0.029276]
[[34, 20, 9], 0.022369]
[[34, 20, 10], 0.019684]
[[34, 20, 11], 0.019133]
[[34, 20, 12], 0.017549]
[[34, 20, 13], 0.020504]
[[34, 20, 14], 0.028081]
[[34, 20, 15], 0.039584]
[[34, 20, 16], 0.038079]
[[34, 20, 17], 0.020441]
[[34, 20, 18], 0.035413]
[[34, 20, 19], 0.03467]
[[34, 20, 20], 0.033807]
[[34, 21, 0], 0.019586]
[[34, 21, 1], 0.016519]
[[34, 21, 2], 0.027021]
[[34, 21, 3], 0.026378]
[[34, 21, 4], 0.028804]
[[34, 21, 5], 0.031472]
[[34, 21, 6], 0.031826]
[[34, 21, 7], 0.031363]
[[34, 21, 8], 0.028333]
[[34, 21, 9], 0.030494]
[[34, 21, 10], 0.031811]
[[34, 21, 11], 0.019146]
[[34, 21, 12], 0.024349]
[[34, 21, 13], 0.04284]
[[34, 21, 14], 0.013546]
[[34, 21, 15], 0.014623]
[[34, 21, 16], 0.030762]
[[34, 21, 17], 0.035247]
[[34, 21, 18], 0.01434]
[[34, 21, 19], 0.045099]
[[34, 21, 20], 0.033114]
[[34, 21, 21], 0.032338]
[[34, 22, 0], 0.018738]
[[34, 22, 1], 0.015993]
[[34, 22, 2], 0.037284]
[[34, 22, 3], 0.02622]
[[34, 22, 4], 0.028878]
[[34, 22, 5], 0.031526]
[[34, 22, 6], 0.033575]
[[34, 22, 7], 0.030597]
[[34, 22, 8], 0.028102]
[[34, 22, 9], 0.031188]
[[34, 22, 10], 0.020453]
[[34, 22, 11], 0.019729]
[[34, 22, 12], 0.017048]
[[34, 22, 13], 0.042337]
[[34, 22, 14], 0.040234]
[[34, 22, 15], 0.02212]
[[34, 22, 16], 0.036901]
[[34, 22, 17], 0.035568]
[[34, 22, 18], 0.034408]
[[34, 22, 19], 0.012327]
[[34, 22, 20], 0.032498]
[[34, 22, 21], 0.043081]
[[34, 22, 22], 0.031007]
[[34, 23, 0], 0.017963]
[[34, 23, 1], 0.015518]
[[34, 23, 2], 0.036094]
[[34, 23, 3], 0.017893]
[[34, 23, 4], 0.037189]
[[34, 23, 5], 0.031577]
[[34, 23, 6], 0.034677]
[[34, 23, 7], 0.030055]
[[34, 23, 8], 0.031567]
[[34, 23, 9], 0.023114]
[[34, 23, 10], 0.021446]
[[34, 23, 11], 0.018122]
[[34, 23, 12], 0.018441]
[[34, 23, 13], 0.032061]
[[34, 23, 14], 0.039769]
[[34, 23, 15], 0.037961]
[[34, 23, 16], 0.048874]
[[34, 23, 17], 0.035058]
[[34, 23, 18], 0.033883]
[[34, 23, 19], 0.030649]
[[34, 23, 20], 0.043946]
[[34, 23, 21], 0.043024]
[[34, 23, 22], 0.042191]
[[34, 23, 23], 0.029796]
[[34, 24, 0], 0.017252]
[[34, 24, 1], 0.015088]
[[34, 24, 2], 0.037029]
[[34, 24, 3], 0.014869]
[[34, 24, 4], 0.037399]
[[34, 24, 5], 0.031624]
[[34, 24, 6], 0.028472]
[[34, 24, 7], 0.030703]
[[34, 24, 8], 0.026936]
[[34, 24, 9], 0.025234]
[[34, 24, 10], 0.025335]
[[34, 24, 11], 0.021248]
[[34, 24, 12], 0.018987]
[[34, 24, 13], 0.041482]
[[34, 24, 14], 0.03935]
[[34, 24, 15], 0.037529]
[[34, 24, 16], 0.035961]
[[34, 24, 17], 0.0346]
[[34, 24, 18], 0.033413]
[[34, 24, 19], 0.032371]
[[34, 24, 20], 0.031452]
[[34, 24, 21], 0.014257]
[[34, 24, 22], 0.029915]
[[34, 24, 23], 0.041387]
[[34, 24, 24], 0.028691]
[[34, 25, 0], 0.030649]
[[34, 25, 1], 0.014697]
[[34, 25, 2], 0.036917]
[[34, 25, 3], 0.014507]
[[34, 25, 4], 0.027505]
[[34, 25, 5], 0.031668]
[[34, 25, 6], 0.033171]
[[34, 25, 7], 0.030745]
[[34, 25, 8], 0.029223]
[[34, 25, 9], 0.025207]
[[34, 25, 10], 0.026555]
[[34, 25, 11], 0.021231]
[[34, 25, 12], 0.043648]
[[34, 25, 13], 0.041116]
[[34, 25, 14], 0.013445]
[[34, 25, 15], 0.024737]
[[34, 25, 16], 0.035559]
[[34, 25, 17], 0.034187]
[[34, 25, 18], 0.032988]
[[34, 25, 19], 0.031935]
[[34, 25, 20], 0.019259]
[[34, 25, 21], 0.030182]
[[34, 25, 22], 0.042091]
[[34, 25, 23], 0.04134]
[[34, 25, 24], 0.028207]
[[34, 25, 25], 0.040032]
[[34, 26, 0], 0.015991]
[[34, 26, 1], 0.014342]
[[34, 26, 2], 0.036815]
[[34, 26, 3], 0.035027]
[[34, 26, 4], 0.027615]
[[34, 26, 5], 0.031709]
[[34, 26, 6], 0.03479]
[[34, 26, 7], 0.030574]
[[34, 26, 8], 0.025404]
[[34, 26, 9], 0.024282]
[[34, 26, 10], 0.020381]
[[34, 26, 11], 0.016958]
[[34, 26, 12], 0.031533]
[[34, 26, 13], 0.040783]
[[34, 26, 14], 0.038629]
[[34, 26, 15], 0.015375]
[[34, 26, 16], 0.04869]
[[34, 26, 17], 0.033813]
[[34, 26, 18], 0.032604]
[[34, 26, 19], 0.031541]
[[34, 26, 20], 0.043788]
[[34, 26, 21], 0.034345]
[[34, 26, 22], 0.025452]
[[34, 26, 23], 0.028363]
[[34, 26, 24], 0.040613]
[[34, 26, 25], 0.027234]
[[34, 26, 26], 0.026751]
[[34, 27, 0], 0.015429]
[[34, 27, 1], 0.014019]
[[34, 27, 2], 0.03672]
[[34, 27, 3], 0.035115]
[[34, 27, 4], 0.037954]
[[34, 27, 5], 0.031748]
[[34, 27, 6], 0.032789]
[[34, 27, 7], 0.030476]
[[34, 27, 8], 0.028197]
[[34, 27, 9], 0.023604]
[[34, 27, 10], 0.023603]
[[34, 27, 11], 0.023504]
[[34, 27, 12], 0.019812]
[[34, 27, 13], 0.034142]
[[34, 27, 14], 0.025524]
[[34, 27, 15], 0.034081]
[[34, 27, 16], 0.034864]
[[34, 27, 17], 0.033472]
[[34, 27, 18], 0.0459]
[[34, 27, 19], 0.031183]
[[34, 27, 20], 0.030235]
[[34, 27, 21], 0.042826]
[[34, 27, 22], 0.013844]
[[34, 27, 23], 0.041253]
[[34, 27, 24], 0.040572]
[[34, 27, 25], 0.033529]
[[34, 27, 26], 0.026339]
[[34, 27, 27], 0.025896]
[[34, 28, 0], 0.014907]
[[34, 28, 1], 0.013724]
[[34, 28, 2], 0.036632]
[[34, 28, 3], 0.025523]
[[34, 28, 4], 0.027815]
[[34, 28, 5], 0.031784]
[[34, 28, 6], 0.034541]
[[34, 28, 7], 0.03079]
[[34, 28, 8], 0.026817]
[[34, 28, 9], 0.028058]
[[34, 28, 10], 0.028759]
[[34, 28, 11], 0.017322]
[[34, 28, 12], 0.042761]
[[34, 28, 13], 0.015204]
[[34, 28, 14], 0.012519]
[[34, 28, 15], 0.02157]
[[34, 28, 16], 0.034561]
[[34, 28, 17], 0.033161]
[[34, 28, 18], 0.045852]
[[34, 28, 19], 0.017354]
[[34, 28, 20], 0.0299]
[[34, 28, 21], 0.029051]
[[34, 33, 0], 0.012763]
[[34, 33, 1], 0.01258]
[[34, 33, 2], 0.036274]
[[34, 33, 3], 0.012526]
[[34, 33, 4], 0.02943]
[[34, 33, 5], 0.028493]
[[34, 33, 6], 0.035423]
[[34, 33, 7], 0.030591]
[[34, 33, 8], 0.029582]
[[34, 33, 9], 0.028763]
[[34, 33, 10], 0.021133]
[[34, 33, 11], 0.025044]
[[34, 33, 12], 0.041694]
[[34, 33, 13], 0.039104]
[[34, 33, 14], 0.036902]
[[34, 33, 15], 0.035011]
[[34, 33, 16], 0.033372]
[[34, 33, 17], 0.031942]
[[34, 33, 18], 0.023063]
[[34, 33, 19], 0.029577]
[[34, 33, 20], 0.028592]
[[34, 33, 21], 0.031338]
[[34, 33, 22], 0.013397]
[[34, 33, 23], 0.04104]
[[34, 33, 24], 0.025589]
[[34, 33, 25], 0.025015]
[[34, 33, 26], 0.039187]
[[34, 33, 27], 0.038669]
[[34, 33, 28], 0.023597]
[[34, 33, 29], 0.037753]
[[34, 33, 30], 0.022852]
[[34, 33, 31], 0.036969]
[[34, 33, 32], 0.036618]
[[34, 33, 33], 0.036291]
[[34, 34, 0], 0.024043]
[[34, 34, 1], 0.012403]
[[34, 34, 2], 0.036216]
[[34, 34, 3], 0.012359]
[[34, 34, 4], 0.038929]
[[34, 34, 5], 0.031963]
[[34, 34, 6], 0.035589]
[[34, 34, 7], 0.029613]
[[34, 34, 8], 0.027345]
[[34, 34, 9], 0.025038]
[[34, 34, 10], 0.028645]
[[34, 34, 11], 0.019503]
[[34, 34, 12], 0.041523]
[[34, 34, 13], 0.038929]
[[34, 34, 14], 0.01646]
[[34, 34, 15], 0.034827]
[[34, 34, 16], 0.033184]
[[34, 34, 17], 0.03175]
[[34, 34, 18], 0.030489]
[[34, 34, 19], 0.029375]
[[34, 34, 20], 0.028386]
[[34, 34, 21], 0.027504]
[[34, 34, 22], 0.026714]
[[34, 34, 23], 0.026005]
[[34, 34, 24], 0.025366]
[[34, 34, 25], 0.039722]
[[34, 34, 26], 0.039159]
[[34, 34, 27], 0.023792]
[[34, 34, 28], 0.023361]
[[34, 34, 29], 0.037728]
[[34, 34, 30], 0.022609]
[[34, 34, 31], 0.028145]
[[34, 34, 32], 0.02198]
[[34, 34, 33], 0.036268]
[[34, 34, 34], 0.021451]
[[36, 0, 0], 0.016503]
[[36, 1, 0], 0.035922]
[[36, 1, 1], 0.033316]
[[36, 2, 0], 0.018292]
[[36, 2, 1], 0.03316]
[[36, 2, 2], 0.03667]
[[36, 3, 0], 0.010656]
[[36, 3, 1], 0.011647]
[[36, 3, 2], 0.029388]
[[36, 3, 3], 0.039473]
[[36, 4, 0], 0.014534]
[[36, 4, 1], 0.036037]
[[36, 4, 2], 0.026812]
[[36, 4, 3], 0.031169]
[[36, 4, 4], 0.026553]
[[36, 5, 0], 0.047539]
[[36, 5, 1], 0.029739]
[[36, 5, 2], 0.04916]
[[36, 5, 3], 0.042151]
[[36, 5, 4], 0.027916]
[[36, 5, 5], 0.029234]
[[36, 6, 0], 0.038851]
[[36, 6, 1], 0.044864]
[[36, 6, 2], 0.046257]
[[36, 6, 3], 0.037863]
[[36, 6, 4], 0.029078]
[[36, 6, 5], 0.033591]
[[36, 6, 6], 0.029966]
[[36, 7, 0], 0.032752]
[[36, 7, 1], 0.039531]
[[36, 7, 2], 0.037456]
[[36, 7, 3], 0.030071]
[[36, 7, 4], 0.030083]
[[36, 7, 5], 0.029874]
[[36, 7, 6], 0.029543]
[[36, 7, 7], 0.02987]
[[36, 8, 0], 0.028237]
[[36, 8, 1], 0.035388]
[[36, 8, 2], 0.03384]
[[36, 8, 3], 0.031954]
[[36, 8, 4], 0.030964]
[[36, 8, 5], 0.022023]
[[36, 8, 6], 0.031708]
[[36, 8, 7], 0.029789]
[[36, 8, 8], 0.027501]
[[36, 9, 0], 0.044129]
[[36, 9, 1], 0.032081]
[[36, 9, 2], 0.041845]
[[36, 9, 3], 0.031485]
[[36, 9, 4], 0.031742]
[[36, 9, 5], 0.030329]
[[36, 9, 6], 0.033877]
[[36, 9, 7], 0.030575]
[[36, 9, 8], 0.027982]
[[36, 9, 9], 0.029986]
[[36, 10, 0], 0.039845]
[[36, 10, 1], 0.029385]
[[36, 10, 2], 0.041014]
[[36, 10, 3], 0.030469]
[[36, 10, 4], 0.032435]
[[36, 10, 5], 0.03051]
[[36, 10, 6], 0.031566]
[[36, 10, 7], 0.030644]
[[36, 10, 8], 0.028602]
[[36, 10, 9], 0.032067]
[[36, 10, 10], 0.02045]
[[36, 11, 0], 0.036335]
[[36, 11, 1], 0.027148]
[[36, 11, 2], 0.040347]
[[36, 11, 3], 0.029673]
[[36, 11, 4], 0.033055]
[[36, 11, 5], 0.023657]
[[36, 11, 6], 0.031268]
[[36, 11, 7], 0.02908]
[[36, 11, 8], 0.028644]
[[36, 11, 9], 0.02454]
[[36, 11, 10], 0.012558]
[[36, 11, 11], 0.019282]
[[36, 12, 0], 0.033407]
[[36, 12, 1], 0.025263]
[[36, 12, 2], 0.024633]
[[36, 12, 3], 0.029032]
[[36, 12, 4], 0.033614]
[[36, 12, 5], 0.030809]
[[36, 12, 6], 0.032959]
[[36, 12, 7], 0.029625]
[[36, 12, 8], 0.026081]
[[36, 12, 9], 0.029919]
[[36, 12, 10], 0.022994]
[[36, 12, 11], 0.02453]
[[36, 12, 12], 0.029799]
[[36, 13, 0], 0.030926]
[[36, 13, 1], 0.023656]
[[36, 13, 2], 0.02313]
[[36, 13, 3], 0.028504]
[[36, 13, 4], 0.028035]
[[36, 13, 5], 0.030934]
[[36, 13, 6], 0.033306]
[[36, 13, 7], 0.029137]
[[36, 13, 8], 0.02457]
[[36, 13, 9], 0.026152]
[[36, 13, 10], 0.029421]
[[36, 13, 11], 0.023125]
[[36, 13, 12], 0.019079]
[[36, 13, 13], 0.016554]
[[36, 14, 0], 0.028797]
[[36, 14, 1], 0.022272]
[[36, 14, 2], 0.038951]
[[36, 14, 3], 0.028062]
[[36, 14, 4], 0.034578]
[[36, 14, 5], 0.031045]
[[36, 14, 6], 0.033703]
[[36, 14, 7], 0.030023]
[[36, 14, 8], 0.030343]
[[36, 14, 9], 0.025795]
[[36, 14, 10], 0.026212]
[[36, 14, 11], 0.03034]
[[36, 14, 12], 0.021568]
[[36, 14, 13], 0.025499]
[[36, 14, 14], 0.047035]
[[36, 15, 0], 0.02695]
[[36, 15, 1], 0.021068]
[[36, 15, 2], 0.020691]
[[36, 15, 3], 0.027686]
[[36, 15, 4], 0.028314]
[[36, 15, 5], 0.031146]
[[36, 15, 6], 0.033064]
[[36, 15, 7], 0.031776]
[[36, 15, 8], 0.024802]
[[36, 15, 9], 0.025975]
[[36, 15, 10], 0.033521]
[[36, 15, 11], 0.031072]
[[36, 15, 12], 0.016809]
[[36, 15, 13], 0.023646]
[[36, 15, 14], 0.037078]
[[36, 15, 15], 0.027882]
[[36, 16, 0], 0.025332]
[[36, 16, 1], 0.020014]
[[36, 16, 2], 0.01969]
[[36, 16, 3], 0.027362]
[[36, 16, 4], 0.026156]
[[36, 16, 5], 0.031236]
[[36, 16, 6], 0.03379]
[[36, 16, 7], 0.030225]
[[36, 16, 8], 0.031129]
[[36, 16, 9], 0.029231]
[[36, 16, 10], 0.028791]
[[36, 16, 11], 0.020905]
[[36, 16, 12], 0.016276]
[[36, 16, 13], 0.035457]
[[36, 16, 14], 0.038452]
[[36, 16, 15], 0.021235]
[[36, 16, 16], 0.015396]
[[36, 17, 0], 0.023902]
[[36, 17, 1], 0.019084]
[[36, 17, 2], 0.038072]
[[36, 17, 3], 0.018496]
[[36, 17, 4], 0.026379]
[[36, 17, 5], 0.031319]
[[36, 17, 6], 0.033224]
[[36, 17, 7], 0.030498]
[[36, 17, 8], 0.030729]
[[36, 17, 9], 0.022054]
[[36, 17, 10], 0.022153]
[[36, 17, 11], 0.016763]
[[36, 17, 12], 0.019492]
[[36, 17, 13], 0.024022]
[[36, 17, 14], 0.017162]
[[36, 17, 15], 0.041815]
[[36, 17, 16], 0.048147]
[[36, 17, 17], 0.03915]
[[36, 18, 0], 0.02263]
[[36, 18, 1], 0.018259]
[[36, 18, 2], 0.018016]
[[36, 18, 3], 0.035067]
[[36, 18, 4], 0.028647]
[[36, 18, 5], 0.031395]
[[36, 18, 6], 0.035484]
[[36, 18, 7], 0.029148]
[[36, 18, 8], 0.031365]
[[36, 18, 9], 0.022208]
[[36, 18, 10], 0.033381]
[[36, 18, 11], 0.020416]
[[36, 18, 12], 0.027267]
[[36, 18, 13], 0.044654]
[[36, 18, 14], 0.019961]
[[36, 18, 15], 0.040921]
[[36, 18, 16], 0.037255]
[[36, 18, 17], 0.032808]
[[36, 18, 18], 0.037111]
[[36, 19, 0], 0.021491]
[[36, 19, 1], 0.017523]
[[36, 19, 2], 0.037647]
[[36, 19, 3], 0.026613]
[[36, 19, 4], 0.036355]
[[36, 19, 5], 0.031464]
[[36, 19, 6], 0.034255]
[[36, 19, 7], 0.031041]
[[36, 19, 8], 0.030237]
[[36, 19, 9], 0.026741]
[[36, 19, 10], 0.031597]
[[36, 19, 11], 0.018604]
[[36, 19, 12], 0.023753]
[[36, 19, 13], 0.031029]
[[36, 19, 14], 0.041879]
[[36, 19, 15], 0.040142]
[[36, 19, 16], 0.038654]
[[36, 19, 17], 0.037372]
[[36, 19, 18], 0.030563]
[[36, 19, 19], 0.035291]
[[36, 20, 0], 0.020464]
[[36, 20, 1], 0.016865]
[[36, 20, 2], 0.037468]
[[36, 20, 3], 0.016477]
[[36, 20, 4], 0.026941]
[[36, 20, 5], 0.031528]
[[36, 20, 6], 0.03235]
[[36, 20, 7], 0.030926]
[[36, 20, 8], 0.028806]
[[36, 20, 9], 0.032257]
[[36, 20, 10], 0.021575]
[[36, 20, 11], 0.016938]
[[36, 20, 12], 0.036369]
[[36, 20, 13], 0.018451]
[[36, 20, 14], 0.041218]
[[36, 20, 15], 0.039457]
[[36, 20, 16], 0.037948]
[[36, 20, 17], 0.046382]
[[36, 20, 18], 0.01757]
[[36, 20, 19], 0.043902]
[[36, 20, 20], 0.033656]
[[36, 21, 0], 0.019534]
[[36, 21, 1], 0.016272]
[[36, 21, 2], 0.044395]
[[36, 21, 3], 0.026243]
[[36, 21, 4], 0.028903]
[[36, 21, 5], 0.026828]
[[36, 21, 6], 0.032558]
[[36, 21, 7], 0.029461]
[[36, 21, 8], 0.028775]
[[36, 21, 9], 0.022236]
[[36, 21, 10], 0.023112]
[[36, 21, 11], 0.026511]
[[36, 21, 12], 0.02035]
[[36, 21, 13], 0.020871]
[[36, 21, 14], 0.040633]
[[36, 21, 15], 0.049472]
[[36, 21, 16], 0.037324]
[[36, 21, 17], 0.036002]
[[36, 21, 18], 0.034852]
[[36, 21, 19], 0.013778]
[[36, 21, 20], 0.032962]
[[36, 21, 21], 0.041853]
[[36, 22, 0], 0.018687]
[[36, 22, 1], 0.015737]
[[36, 22, 2], 0.03716]
[[36, 22, 3], 0.015439]
[[36, 22, 4], 0.03713]
[[36, 22, 5], 0.031641]
[[36, 22, 6], 0.032908]
[[36, 22, 7], 0.031094]
[[36, 22, 8], 0.029797]
[[36, 22, 9], 0.034487]
[[36, 22, 10], 0.025477]
[[36, 22, 11], 0.017705]
[[36, 22, 12], 0.044717]
[[36, 22, 13], 0.034299]
[[36, 22, 14], 0.017688]
[[36, 22, 15], 0.038315]
[[36, 22, 16], 0.02567]
[[36, 22, 17], 0.031259]
[[36, 22, 18], 0.044926]
[[36, 22, 19], 0.033244]
[[36, 22, 20], 0.032344]
[[36, 22, 21], 0.041791]
[[36, 22, 22], 0.030843]
[[36, 23, 0], 0.017913]
[[36, 23, 1], 0.015254]
[[36, 23, 2], 0.037027]
[[36, 23, 3], 0.03483]
[[36, 23, 4], 0.029043]
[[36, 23, 5], 0.031692]
[[36, 23, 6], 0.034073]
[[36, 23, 7], 0.029191]
[[36, 23, 8], 0.028046]
[[36, 23, 9], 0.029911]
[[36, 23, 10], 0.02554]
[[36, 23, 11], 0.020879]
[[36, 23, 12], 0.020419]
[[36, 23, 13], 0.04177]
[[36, 23, 14], 0.039647]
[[36, 23, 15], 0.037834]
[[36, 23, 16], 0.036273]
[[36, 23, 17], 0.046164]
[[36, 23, 18], 0.03374]
[[36, 23, 19], 0.032705]
[[36, 23, 20], 0.031792]
[[36, 23, 21], 0.041733]
[[36, 23, 22], 0.040891]
[[36, 23, 23], 0.040128]
[[36, 24, 0], 0.017203]
[[36, 24, 1], 0.014815]
[[36, 24, 2], 0.036905]
[[36, 24, 3], 0.034939]
[[36, 24, 4], 0.027506]
[[36, 24, 5], 0.031739]
[[36, 24, 6], 0.025182]
[[36, 24, 7], 0.030104]
[[36, 24, 8], 0.030575]
[[36, 24, 9], 0.024387]
[[36, 24, 10], 0.020044]
[[36, 24, 11], 0.020534]
[[36, 24, 12], 0.023934]
[[36, 24, 13], 0.026656]
[[36, 24, 14], 0.039228]
[[36, 24, 15], 0.037402]
[[36, 24, 16], 0.035828]
[[36, 24, 17], 0.034462]
[[36, 24, 18], 0.033269]
[[36, 24, 19], 0.032221]
[[36, 24, 20], 0.031297]
[[36, 24, 21], 0.013178]
[[36, 24, 22], 0.029749]
[[36, 24, 23], 0.029098]
[[36, 24, 24], 0.028514]
[[36, 25, 0], 0.016548]
[[36, 25, 1], 0.014415]
[[36, 25, 2], 0.036794]
[[36, 25, 3], 0.025692]
[[36, 25, 4], 0.029165]
[[36, 25, 5], 0.027579]
[[36, 25, 6], 0.033211]
[[36, 25, 7], 0.030209]
[[36, 25, 8], 0.030482]
[[36, 25, 9], 0.032105]
[[36, 25, 10], 0.031846]
[[36, 25, 11], 0.017201]
[[36, 25, 12], 0.037324]
[[36, 25, 13], 0.040999]
[[36, 25, 14], 0.03885]
[[36, 25, 15], 0.033613]
[[36, 25, 16], 0.035426]
[[36, 25, 17], 0.034048]
[[36, 25, 18], 0.032844]
[[36, 25, 19], 0.031785]
[[36, 25, 20], 0.03085]
[[36, 25, 21], 0.041627]
[[36, 25, 22], 0.029282]
[[36, 25, 23], 0.028621]
[[36, 25, 24], 0.028029]
[[36, 25, 25], 0.027496]
[[36, 26, 0], 0.015944]
[[36, 26, 1], 0.014051]
[[36, 26, 2], 0.036691]
[[36, 26, 3], 0.035634]
[[36, 26, 4], 0.027733]
[[36, 26, 5], 0.031824]
[[36, 26, 6], 0.034891]
[[36, 26, 7], 0.030468]
[[36, 26, 8], 0.028153]
[[36, 26, 9], 0.023708]
[[36, 26, 10], 0.019341]
[[36, 26, 11], 0.018948]
[[36, 26, 12], 0.043213]
[[36, 26, 13], 0.040666]
[[36, 26, 14], 0.013622]
[[36, 26, 15], 0.036658]
[[36, 26, 16], 0.035062]
[[36, 26, 17], 0.033674]
[[36, 26, 18], 0.032459]
[[36, 26, 19], 0.012011]
[[36, 26, 20], 0.030445]
[[36, 26, 21], 0.029606]
[[36, 26, 22], 0.028858]
[[36, 26, 23], 0.026104]
[[36, 26, 24], 0.027589]
[[36, 26, 25], 0.027048]
[[36, 26, 26], 0.02656]
[[36, 27, 0], 0.015383]
[[36, 27, 1], 0.013718]
[[36, 27, 2], 0.036596]
[[36, 27, 3], 0.025481]
[[36, 27, 4], 0.029272]
[[36, 27, 5], 0.027891]
[[36, 27, 6], 0.025299]
[[36, 27, 7], 0.030277]
[[36, 27, 8], 0.029628]
[[36, 27, 9], 0.026463]
[[36, 27, 10], 0.024453]
[[36, 27, 11], 0.024233]
[[36, 27, 12], 0.02103]
[[36, 27, 13], 0.027075]
[[36, 27, 14], 0.026317]
[[36, 27, 15], 0.036335]
[[36, 27, 16], 0.03473]
[[36, 27, 17], 0.033333]
[[36, 27, 18], 0.032109]
[[36, 27, 19], 0.031031]
[[36, 27, 20], 0.042458]
[[36, 27, 21], 0.020192]
[[36, 27, 22], 0.020543]
[[36, 27, 23], 0.039941]
[[36, 27, 24], 0.039251]
[[36, 27, 25], 0.026641]
[[36, 27, 26], 0.026146]
[[36, 27, 27], 0.026807]
[[36, 28, 0], 0.014862]
[[36, 28, 1], 0.013414]
[[36, 28, 2], 0.036508]
[[36, 28, 3], 0.013277]
[[36, 28, 4], 0.029322]
[[36, 28, 5], 0.031899]
[[36, 28, 6], 0.032916]
[[36, 28, 7], 0.030984]
[[36, 28, 8], 0.028677]
[[36, 28, 9], 0.02517]
[[36, 28, 10], 0.024721]
[[36, 28, 11], 0.022494]
[[36, 28, 12], 0.020434]
[[36, 28, 13], 0.027829]
[[36, 28, 14], 0.037907]
[[36, 28, 15], 0.036041]
[[36, 28, 16], 0.034427]
[[36, 28, 17], 0.033022]
[[36, 28, 18], 0.03179]
[[36, 28, 19], 0.043441]
[[36, 28, 20], 0.042413]
[[36, 28, 21], 0.028887]
[[36, 28, 22], 0.040656]
[[36, 28, 23], 0.0399]
[[36, 28, 24], 0.026824]
[[36, 28, 25], 0.038583]
[[36, 28, 26], 0.025768]
[[36, 28, 27], 0.025313]
[[36, 28, 28], 0.03699]
[[36, 29, 0], 0.014376]
[[36, 29, 1], 0.013135]
[[36, 29, 2], 0.036427]
[[36, 29, 3], 0.035381]
[[36, 29, 4], 0.029368]
[[36, 29, 5], 0.031933]
[[36, 29, 6], 0.034807]
[[36, 29, 7], 0.030518]
[[36, 29, 8], 0.026783]
[[36, 29, 9], 0.023264]
[[36, 29, 10], 0.02469]
[[36, 29, 11], 0.02362]
[[36, 29, 12], 0.042401]
[[36, 29, 13], 0.039829]
[[36, 29, 14], 0.037644]
[[36, 29, 15], 0.014919]
[[36, 29, 16], 0.034149]
[[36, 29, 17], 0.032736]
[[36, 29, 18], 0.031497]
[[36, 29, 19], 0.030404]
[[36, 29, 20], 0.029435]
[[36, 29, 21], 0.041449]
[[36, 29, 22], 0.027802]
[[36, 29, 23], 0.027111]
[[36, 29, 24], 0.02649]
[[36, 29, 25], 0.025929]
[[36, 29, 26], 0.025422]
[[36, 29, 27], 0.024962]
[[36, 29, 28], 0.024544]
[[36, 29, 29], 0.036506]
[[36, 30, 0], 0.013922]
[[36, 30, 1], 0.012879]
[[36, 30, 2], 0.036351]
[[36, 30, 3], 0.012775]
[[36, 30, 4], 0.038577]
[[36, 30, 5], 0.031966]
[[36, 30, 6], 0.035511]
[[36, 30, 7], 0.029897]
[[36, 30, 8], 0.031419]
[[36, 30, 9], 0.028552]
[[36, 30, 10], 0.021423]
[[36, 30, 11], 0.026897]
[[36, 30, 12], 0.042172]
[[36, 30, 13], 0.023766]
[[36, 30, 14], 0.037402]
[[36, 30, 15], 0.02495]
[[36, 30, 16], 0.033894]
[[36, 30, 17], 0.032474]
[[36, 30, 18], 0.031228]
[[36, 30, 19], 0.030128]
[[36, 30, 20], 0.029153]
[[36, 30, 21], 0.028284]
[[36, 30, 22], 0.027508]
[[36, 30, 23], 0.026811]
[[36, 30, 24], 0.039139]
[[36, 30, 25], 0.025617]
[[36, 30, 26], 0.025104]
[[36, 30, 27], 0.024639]
[[36, 30, 28], 0.032327]
[[36, 30, 29], 0.036475]
[[36, 30, 30], 0.036059]
[[36, 31, 0], 0.014061]
[[36, 31, 1], 0.012644]
[[36, 31, 2], 0.012604]
[[36, 31, 3], 0.03576]
[[36, 31, 4], 0.029453]
[[36, 31, 5], 0.031996]
[[36, 31, 6], 0.033782]
[[36, 31, 7], 0.029909]
[[36, 31, 8], 0.031205]
[[36, 31, 9], 0.028309]
[[36, 31, 10], 0.022479]
[[36, 31, 11], 0.017979]
[[36, 31, 12], 0.04196]
[[36, 31, 13], 0.039376]
[[36, 31, 14], 0.017431]
[[36, 31, 15], 0.035292]
[[36, 31, 16], 0.033658]
[[36, 31, 17], 0.032232]
[[36, 31, 18], 0.03098]
[[36, 31, 19], 0.029875]
[[36, 31, 20], 0.028893]
[[36, 31, 21], 0.028019]
[[36, 31, 22], 0.013629]
[[36, 31, 23], 0.026534]
[[36, 31, 24], 0.031238]
[[36, 31, 25], 0.03848]
[[36, 31, 26], 0.037906]
[[36, 31, 27], 0.03738]
[[36, 31, 28], 0.036894]
[[36, 31, 29], 0.036446]
[[36, 31, 30], 0.027727]
[[36, 31, 31], 0.035645]
[[36, 32, 0], 0.013098]
[[36, 32, 1], 0.012427]
[[36, 32, 2], 0.036213]
[[36, 32, 3], 0.047455]
[[36, 32, 4], 0.038844]
[[36, 32, 5], 0.032025]
[[36, 32, 6], 0.032791]
[[36, 32, 7], 0.030548]
[[36, 32, 8], 0.027227]
[[36, 32, 9], 0.029797]
[[36, 32, 10], 0.030797]
[[36, 32, 11], 0.023919]
[[36, 32, 12], 0.041764]
[[36, 32, 13], 0.024685]
[[36, 32, 14], 0.033726]
[[36, 32, 15], 0.048823]
[[36, 32, 16], 0.030925]
[[36, 32, 17], 0.032009]
[[36, 32, 18], 0.039533]
[[36, 32, 19], 0.043278]
[[36, 32, 20], 0.028654]
[[36, 32, 21], 0.027774]
[[36, 32, 22], 0.026986]
[[36, 32, 23], 0.039757]
[[36, 32, 24], 0.025641]
[[36, 32, 25], 0.028146]
[[36, 32, 26], 0.024543]
[[36, 32, 27], 0.03735]
[[36, 32, 28], 0.023637]
[[36, 32, 29], 0.036418]
[[36, 32, 30], 0.022884]
[[36, 32, 31], 0.035618]
[[36, 32, 32], 0.035261]
[[36, 33, 0], 0.012722]
[[36, 33, 1], 0.012227]
[[36, 33, 2], 0.036151]
[[36, 33, 3], 0.035643]
[[36, 33, 4], 0.028334]
[[36, 33, 5], 0.032052]
[[36, 33, 6], 0.03455]
[[36, 33, 7], 0.030062]
[[36, 33, 8], 0.030924]
[[36, 33, 9], 0.024507]
[[36, 33, 10], 0.024605]
[[36, 33, 11], 0.028621]
[[36, 33, 12], 0.041581]
[[36, 33, 13], 0.031682]
[[36, 33, 14], 0.036779]
[[36, 33, 15], 0.034882]
[[36, 33, 16], 0.033237]
[[36, 33, 17], 0.031801]
[[36, 33, 18], 0.044384]
[[36, 33, 19], 0.029423]
[[36, 33, 20], 0.034876]
[[37, 30, 23], 0.026732]
[[37, 30, 24], 0.026102]
[[37, 30, 25], 0.033185]
[[37, 30, 26], 0.025017]
[[37, 30, 27], 0.036796]
[[37, 30, 28], 0.036307]
[[37, 30, 29], 0.035854]
[[37, 30, 30], 0.035435]
[[37, 31, 0], 0.013477]
[[37, 31, 1], 0.012495]
[[37, 31, 2], 0.036223]
[[37, 31, 3], 0.025085]
[[37, 31, 4], 0.038787]
[[37, 31, 5], 0.032049]
[[37, 31, 6], 0.033077]
[[37, 31, 7], 0.030264]
[[37, 31, 8], 0.028924]
[[37, 31, 9], 0.026155]
[[37, 31, 10], 0.018659]
[[37, 31, 11], 0.020733]
[[37, 31, 12], 0.022892]
[[37, 31, 13], 0.034212]
[[37, 31, 14], 0.037124]
[[37, 31, 15], 0.035235]
[[37, 31, 16], 0.046639]
[[37, 31, 17], 0.03217]
[[37, 31, 18], 0.022304]
[[37, 31, 19], 0.029807]
[[37, 31, 20], 0.041706]
[[37, 31, 21], 0.027946]
[[37, 31, 22], 0.02716]
[[37, 31, 23], 0.039191]
[[37, 31, 24], 0.025819]
[[37, 31, 25], 0.025245]
[[37, 31, 26], 0.024725]
[[37, 31, 27], 0.036765]
[[37, 31, 28], 0.036276]
[[37, 31, 29], 0.027509]
[[37, 31, 30], 0.035406]
[[37, 31, 31], 0.022742]
[[37, 32, 0], 0.013078]
[[37, 32, 1], 0.012274]
[[37, 32, 2], 0.036157]
[[37, 32, 3], 0.012192]
[[37, 32, 4], 0.028316]
[[37, 32, 5], 0.032078]
[[37, 32, 6], 0.034306]
[[37, 32, 7], 0.030918]
[[37, 32, 8], 0.03232]
[[37, 32, 9], 0.024684]
[[37, 32, 10], 0.032593]
[[37, 32, 11], 0.020896]
[[37, 32, 12], 0.041714]
[[37, 32, 13], 0.039121]
[[37, 32, 14], 0.024568]
[[37, 32, 15], 0.035022]
[[37, 32, 16], 0.03338]
[[37, 32, 17], 0.045135]
[[37, 32, 18], 0.030686]
[[37, 32, 19], 0.029572]
[[37, 32, 20], 0.028583]
[[37, 32, 21], 0.0277]
[[37, 32, 22], 0.02691]
[[37, 32, 23], 0.026199]
[[37, 32, 24], 0.025559]
[[37, 32, 25], 0.02498]
[[37, 32, 26], 0.024455]
[[37, 32, 27], 0.036735]
[[37, 32, 28], 0.036247]
[[37, 32, 29], 0.023146]
[[37, 32, 30], 0.035379]
[[37, 32, 31], 0.022452]
[[37, 32, 32], 0.022147]
[[37, 33, 0], 0.012703]
[[37, 33, 1], 0.012071]
[[37, 33, 2], 0.036095]
[[37, 33, 3], 0.02495]
[[37, 33, 4], 0.03904]
[[37, 33, 5], 0.028716]
[[37, 33, 6], 0.033238]
[[37, 33, 7], 0.029749]
[[37, 33, 8], 0.02991]
[[37, 33, 9], 0.027391]
[[37, 33, 10], 0.023516]
[[37, 33, 11], 0.019337]
[[37, 33, 12], 0.041531]
[[37, 33, 13], 0.036254]
[[37, 33, 14], 0.036724]
[[37, 33, 15], 0.034824]
[[37, 33, 16], 0.033177]
[[37, 33, 17], 0.031739]
[[37, 33, 18], 0.030474]
[[37, 33, 19], 0.04266]
[[37, 33, 20], 0.028361]
[[37, 33, 21], 0.040713]
[[37, 33, 22], 0.026678]
[[37, 33, 23], 0.025963]
[[37, 33, 24], 0.038438]
[[37, 33, 25], 0.024734]
[[37, 33, 26], 0.037235]
[[37, 33, 27], 0.023724]
[[37, 33, 28], 0.036219]
[[37, 33, 29], 0.012568]
[[37, 33, 30], 0.035352]
[[37, 33, 31], 0.031072]
[[37, 33, 32], 0.034605]
[[37, 33, 33], 0.021592]
[[37, 34, 0], 0.01235]
[[37, 34, 1], 0.011883]
[[37, 34, 2], 0.036036]
[[37, 34, 3], 0.035747]
[[37, 34, 4], 0.02961]
[[37, 34, 5], 0.02882]
[[37, 34, 6], 0.033139]
[[37, 34, 7], 0.030222]
[[37, 34, 8], 0.027279]
[[37, 34, 9], 0.026017]
[[37, 34, 10], 0.029334]
[[37, 34, 11], 0.023243]
[[37, 34, 12], 0.02013]
[[37, 34, 13], 0.038759]
[[37, 34, 14], 0.036544]
[[37, 34, 15], 0.034641]
[[37, 34, 16], 0.032989]
[[37, 34, 17], 0.031546]
[[37, 34, 18], 0.030276]
[[37, 34, 19], 0.042626]
[[37, 34, 20], 0.041601]
[[37, 34, 21], 0.027262]
[[37, 34, 22], 0.039849]
[[37, 34, 23], 0.025743]
[[37, 34, 24], 0.025094]
[[37, 34, 25], 0.037782]
[[37, 34, 26], 0.023973]
[[37, 34, 27], 0.03668]
[[37, 34, 28], 0.023046]
[[37, 34, 29], 0.035743]
[[37, 34, 30], 0.035327]
[[37, 34, 31], 0.03494]
[[37, 34, 32], 0.026514]
[[37, 34, 33], 0.021337]
[[37, 34, 34], 0.018471]
[[37, 35, 0], 0.020343]
[[37, 35, 1], 0.011709]
[[37, 35, 2], 0.035981]
[[37, 35, 3], 0.02483]
[[37, 35, 4], 0.039269]
[[37, 35, 5], 0.028919]
[[37, 35, 6], 0.033795]
[[37, 35, 7], 0.030375]
[[37, 35, 8], 0.028153]
[[37, 35, 9], 0.021855]
[[37, 35, 10], 0.031246]
[[37, 35, 11], 0.018744]
[[37, 35, 12], 0.026683]
[[37, 35, 13], 0.038595]
[[37, 35, 14], 0.036377]
[[37, 35, 15], 0.048143]
[[37, 35, 16], 0.032813]
[[37, 35, 17], 0.031366]
[[37, 35, 18], 0.030092]
[[37, 35, 19], 0.028965]
[[37, 35, 20], 0.027962]
[[37, 35, 21], 0.027066]
[[37, 35, 22], 0.039819]
[[37, 35, 23], 0.039066]
[[37, 35, 24], 0.024886]
[[37, 35, 25], 0.024295]
[[37, 35, 26], 0.023758]
[[37, 35, 27], 0.036653]
[[37, 35, 28], 0.036167]
[[37, 35, 29], 0.022417]
[[37, 35, 30], 0.035303]
[[37, 35, 31], 0.034916]
[[37, 35, 32], 0.034557]
[[37, 35, 33], 0.021101]
[[37, 35, 34], 0.020835]
[[37, 35, 35], 0.033618]
[[37, 36, 0], 0.011701]
[[37, 36, 1], 0.011548]
[[37, 36, 2], 0.035929]
[[37, 36, 3], 0.024776]
[[37, 36, 4], 0.029674]
[[37, 36, 5], 0.029014]
[[37, 36, 6], 0.034313]
[[37, 36, 7], 0.030339]
[[37, 36, 8], 0.02715]
[[37, 36, 9], 0.027852]
[[37, 36, 10], 0.024368]
[[37, 36, 11], 0.026685]
[[37, 36, 12], 0.017663]
[[37, 36, 13], 0.038442]
[[37, 36, 14], 0.03622]
[[37, 36, 15], 0.01388]
[[37, 36, 16], 0.032649]
[[37, 36, 17], 0.031198]
[[37, 36, 18], 0.029921]
[[37, 36, 19], 0.028789]
[[37, 36, 20], 0.027783]
[[37, 36, 21], 0.026883]
[[37, 36, 22], 0.049828]
[[37, 36, 23], 0.026228]
[[37, 36, 24], 0.024692]
[[37, 36, 25], 0.037728]
[[37, 36, 26], 0.025827]
[[37, 36, 27], 0.036256]
[[37, 36, 28], 0.022617]
[[37, 36, 29], 0.035695]
[[37, 36, 30], 0.035279]
[[37, 36, 31], 0.028643]
[[37, 36, 32], 0.034535]
[[37, 36, 33], 0.034201]
[[37, 36, 34], 0.020612]
[[37, 36, 35], 0.020365]
[[37, 36, 36], 0.033324]
[[37, 37, 0], 0.011402]
[[37, 37, 1], 0.011398]
[[37, 37, 2], 0.03588]
[[37, 37, 3], 0.024725]
[[37, 37, 4], 0.039476]
[[37, 37, 5], 0.029105]
[[37, 37, 6], 0.035301]
[[37, 37, 7], 0.030344]
[[37, 37, 8], 0.026466]
[[37, 37, 9], 0.02366]
[[37, 37, 10], 0.02347]
[[37, 37, 11], 0.036226]
[[37, 37, 12], 0.030235]
[[37, 37, 13], 0.038299]
[[37, 37, 14], 0.027998]
[[37, 37, 15], 0.034158]
[[37, 37, 16], 0.032496]
[[37, 37, 17], 0.044959]
[[37, 37, 18], 0.02976]
[[37, 37, 19], 0.028625]
[[37, 37, 20], 0.027615]
[[37, 37, 21], 0.026712]
[[37, 37, 22], 0.025902]
[[37, 37, 23], 0.039011]
[[37, 37, 24], 0.024511]
[[37, 37, 25], 0.023913]
[[37, 37, 26], 0.03713]
[[37, 37, 27], 0.036604]
[[37, 37, 28], 0.03612]
[[37, 37, 29], 0.035672]
[[37, 37, 30], 0.035257]
[[37, 37, 31], 0.034872]
[[37, 37, 32], 0.020968]
[[37, 37, 33], 0.03418]
[[37, 37, 34], 0.033868]
[[37, 37, 35], 0.033577]
[[37, 37, 36], 0.033304]
[[37, 37, 37], 0.045295]
[[34, 11, 4], 0.032875]
[[34, 15, 0], 0.027011]
[[34, 15, 1], 0.021269]
[[34, 18, 0], 0.022687]
[[34, 18, 1], 0.018482]
[[36, 0, 0], 0.018224]
[[36, 1, 0], 0.025146]
[[36, 1, 1], 0.026595]
[[36, 2, 0], 0.018654]
[[36, 2, 1], 0.033187]
[[36, 2, 2], 0.045828]
[[36, 3, 0], 0.02662]
[[36, 3, 1], 0.017504]
[[36, 3, 2], 0.041886]
[[36, 3, 3], 0.039473]
[[36, 4, 0], 0.017075]
[[36, 4, 1], 0.036037]
[[36, 4, 2], 0.040564]
[[36, 4, 3], 0.041967]
[[36, 4, 4], 0.026553]
[[36, 5, 0], 0.047539]
[[36, 5, 1], 0.021419]
[[36, 5, 2], 0.047583]
[[36, 5, 3], 0.043994]
[[36, 5, 4], 0.027916]
[[36, 5, 5], 0.029234]
[[36, 6, 0], 0.038851]
[[36, 6, 1], 0.044864]
[[36, 6, 2], 0.02734]
[[36, 6, 3], 0.037864]
[[36, 6, 4], 0.029078]
[[36, 6, 5], 0.029584]
[[36, 6, 6], 0.030904]
[[36, 7, 0], 0.032752]
[[36, 7, 1], 0.039531]
[[36, 7, 2], 0.037456]
[[36, 7, 3], 0.032829]
[[36, 7, 4], 0.030083]
[[36, 7, 5], 0.029874]
[[36, 7, 6], 0.030281]
[[36, 7, 7], 0.029483]
[[36, 8, 0], 0.049477]
[[36, 8, 1], 0.035388]
[[36, 8, 2], 0.03384]
[[36, 8, 3], 0.031954]
[[36, 8, 4], 0.030964]
[[36, 8, 5], 0.030119]
[[36, 8, 6], 0.029155]
[[36, 8, 7], 0.031219]
[[36, 8, 8], 0.027194]
[[36, 9, 0], 0.044129]
[[36, 9, 1], 0.032081]
[[36, 9, 2], 0.030887]
[[36, 9, 3], 0.031485]
[[36, 9, 4], 0.031742]
[[36, 9, 5], 0.030329]
[[36, 9, 6], 0.032795]
[[36, 9, 7], 0.030175]
[[36, 9, 8], 0.028586]
[[36, 9, 9], 0.021831]
[[36, 10, 0], 0.039845]
[[36, 10, 1], 0.029385]
[[36, 10, 2], 0.028438]
[[36, 10, 3], 0.027342]
[[36, 10, 4], 0.032435]
[[36, 10, 5], 0.03051]
[[36, 10, 6], 0.032699]
[[36, 10, 7], 0.030701]
[[36, 10, 8], 0.028987]
[[36, 10, 9], 0.02181]
[[36, 10, 10], 0.026027]
[[36, 11, 0], 0.036335]
[[36, 11, 1], 0.027148]
[[36, 11, 2], 0.026381]
[[36, 11, 3], 0.029673]
[[36, 11, 4], 0.033055]
[[37, 0, 0], 0.016016]
[[37, 1, 0], 0.032119]
[[37, 1, 1], 0.031643]
[[37, 2, 0], 0.018661]
[[37, 2, 1], 0.033182]
[[37, 2, 2], 0.03981]
[[37, 3, 0], 0.029996]
[[37, 3, 1], 0.017504]
[[37, 4, 1], 0.03605]
[[37, 4, 2], 0.02688]
[[37, 4, 3], 0.042059]
[[37, 4, 4], 0.026637]
[[37, 5, 0], 0.047578]
[[37, 5, 1], 0.021431]
[[37, 5, 2], 0.049098]
[[37, 5, 3], 0.044086]
[[37, 5, 4], 0.028002]
[[37, 5, 5], 0.029285]
[[37, 6, 0], 0.03889]
[[37, 6, 1], 0.044794]
[[37, 6, 2], 0.041878]
[[37, 6, 3], 0.034677]
[[37, 6, 4], 0.029163]
[[37, 6, 5], 0.029635]
[[37, 6, 6], 0.033329]
[[37, 7, 0], 0.032793]
[[37, 7, 1], 0.03946]
[[37, 7, 2], 0.037383]
[[37, 7, 3], 0.034708]
[[37, 7, 4], 0.030168]
[[37, 7, 5], 0.029926]
[[37, 7, 6], 0.030753]
[[37, 7, 7], 0.031184]
[[37, 8, 0], 0.049444]
[[37, 8, 1], 0.035315]
[[37, 8, 2], 0.033765]
[[37, 8, 3], 0.03277]
[[37, 8, 4], 0.031049]
[[37, 8, 5], 0.030171]
[[37, 8, 6], 0.031066]
[[37, 8, 7], 0.027732]
[[37, 8, 8], 0.028935]
[[37, 9, 0], 0.044096]
[[37, 9, 1], 0.032006]
[[37, 9, 2], 0.030809]
[[37, 9, 3], 0.03142]
[[37, 9, 4], 0.031826]
[[37, 9, 5], 0.030381]
[[37, 9, 6], 0.033861]
[[37, 9, 7], 0.02877]
[[37, 9, 8], 0.0286]
[[37, 9, 9], 0.020181]
[[37, 10, 0], 0.039812]
[[37, 10, 1], 0.029308]
[[37, 10, 2], 0.028359]
[[37, 10, 3], 0.030405]
[[37, 10, 4], 0.032518]
[[37, 10, 5], 0.023247]
[[37, 10, 6], 0.031536]
[[37, 10, 7], 0.03041]
[[37, 10, 8], 0.028891]
[[37, 10, 9], 0.026576]
[[37, 10, 10], 0.01926]
[[37, 11, 0], 0.036304]
[[37, 11, 1], 0.027068]
[[37, 11, 2], 0.026299]
[[37, 11, 3], 0.02961]
[[37, 11, 4], 0.033138]
[[37, 11, 5], 0.030721]
[[37, 11, 6], 0.029815]
[[37, 11, 7], 0.030867]
[[37, 11, 8], 0.026926]
[[37, 11, 9], 0.036352]
[[37, 11, 10], 0.022099]
[[37, 11, 11], 0.021578]
[[37, 12, 0], 0.033376]
[[37, 12, 1], 0.025181]
[[37, 12, 2], 0.024548]
[[37, 12, 3], 0.028969]
[[37, 12, 4], 0.033696]
[[37, 12, 5], 0.030862]
[[37, 12, 6], 0.03224]
[[37, 12, 7], 0.031025]
[[37, 12, 8], 0.027036]
[[37, 12, 9], 0.024403]
[[37, 12, 10], 0.02247]
[[37, 12, 11], 0.016887]
[[37, 12, 12], 0.019811]
[[37, 13, 0], 0.030896]
[[37, 13, 1], 0.023572]
[[37, 13, 2], 0.039283]
[[37, 13, 3], 0.022452]
[[37, 13, 4], 0.028078]
[[37, 13, 5], 0.030986]
[[37, 13, 6], 0.034003]
[[37, 13, 7], 0.031179]
[[37, 13, 8], 0.035676]
[[37, 13, 9], 0.025081]
[[37, 13, 10], 0.033445]
[[37, 13, 11], 0.029284]
[[37, 13, 12], 0.016778]
[[37, 13, 13], 0.020349]
[[37, 14, 0], 0.028768]
[[37, 14, 1], 0.022185]
[[37, 14, 2], 0.021739]
[[37, 14, 3], 0.028]
[[37, 14, 8], 0.02941]
[[37, 14, 9], 0.026988]
[[37, 14, 10], 0.025659]
[[37, 14, 11], 0.021646]
[[37, 14, 12], 0.020702]
[[37, 14, 13], 0.020824]
[[37, 14, 14], 0.046981]
[[37, 15, 0], 0.026922]
[[37, 15, 1], 0.020979]
[[37, 15, 2], 0.03856]
[[37, 15, 3], 0.034733]
[[37, 15, 4], 0.035077]
[[37, 15, 5], 0.031198]
[[37, 15, 6], 0.034586]
[[37, 15, 7], 0.030721]
[[37, 15, 8], 0.031084]
[[37, 15, 9], 0.02263]
[[37, 15, 10], 0.021065]
[[37, 15, 11], 0.019359]
[[37, 15, 12], 0.031022]
[[37, 15, 13], 0.014845]
[[37, 15, 14], 0.045609]
[[37, 15, 15], 0.043998]
[[37, 16, 0], 0.025304]
[[37, 16, 1], 0.019921]
[[37, 16, 2], 0.03827]
[[37, 16, 3], 0.0273]
[[37, 16, 4], 0.035459]
[[37, 16, 5], 0.031289]
[[37, 16, 6], 0.033729]
[[37, 16, 7], 0.030795]
[[37, 16, 8], 0.031531]
[[37, 16, 9], 0.025097]
[[37, 16, 10], 0.01987]
[[37, 16, 11], 0.03992]
[[37, 16, 12], 0.038088]
[[37, 16, 13], 0.027968]
[[37, 16, 14], 0.044443]
[[37, 16, 15], 0.042793]
[[37, 16, 16], 0.041389]
[[37, 17, 0], 0.023875]
[[37, 17, 1], 0.018988]
[[37, 17, 2], 0.038015]
[[37, 17, 3], 0.027018]
[[37, 17, 4], 0.026436]
[[37, 17, 5], 0.031372]
[[37, 17, 6], 0.032885]
[[37, 17, 7], 0.030182]
[[37, 17, 8], 0.029703]
[[37, 17, 9], 0.024632]
[[37, 17, 10], 0.030845]
[[37, 17, 11], 0.020181]
[[37, 17, 12], 0.018806]
[[37, 17, 13], 0.045435]
[[37, 17, 14], 0.043443]
[[37, 17, 15], 0.023524]
[[37, 17, 16], 0.040323]
[[37, 17, 17], 0.015781]
[[37, 18, 0], 0.022604]
[[37, 18, 1], 0.01816]
[[37, 18, 2], 0.037791]
[[37, 18, 3], 0.017645]
[[37, 18, 4], 0.028691]
[[37, 18, 5], 0.031448]
[[37, 18, 6], 0.033251]
[[37, 18, 7], 0.030644]
[[37, 18, 8], 0.029912]
[[37, 18, 9], 0.030449]
[[37, 18, 10], 0.020361]
[[37, 18, 11], 0.020241]
[[37, 18, 12], 0.036243]
[[37, 18, 13], 0.024946]
[[37, 18, 14], 0.042579]
[[37, 18, 15], 0.022851]
[[37, 18, 16], 0.014518]
[[37, 18, 17], 0.03814]
[[37, 18, 18], 0.037049]
[[37, 19, 0], 0.021656]
[[37, 19, 1], 0.017421]
[[37, 19, 2], 0.024932]
[[37, 19, 3], 0.026551]
[[37, 19, 4], 0.036433]
[[37, 19, 5], 0.031517]
[[37, 19, 6], 0.034786]
[[37, 19, 7], 0.031018]
[[37, 19, 8], 0.030254]
[[37, 19, 9], 0.025307]
[[37, 19, 10], 0.021152]
[[37, 19, 11], 0.020139]
[[37, 19, 12], 0.01661]
[[37, 19, 13], 0.035419]
[[37, 19, 14], 0.027425]
[[37, 19, 15], 0.040085]
[[37, 19, 16], 0.038596]
[[37, 19, 17], 0.037312]
[[37, 19, 18], 0.035144]
[[37, 19, 19], 0.035226]
[[37, 26, 17], 0.045416]
[[37, 26, 18], 0.032395]
[[37, 26, 19], 0.031324]
[[37, 26, 20], 0.030376]
[[37, 26, 21], 0.029535]
[[37, 26, 22], 0.028784]
[[37, 26, 23], 0.028112]
[[37, 26, 24], 0.027509]
[[37, 26, 25], 0.038056]
[[37, 26, 26], 0.026476]
[[37, 27, 0], 0.015361]
[[37, 27, 1], 0.013585]
[[37, 27, 2], 0.03654]
[[37, 27, 3], 0.02542]
[[37, 27, 4], 0.038189]
[[37, 27, 5], 0.031916]
[[37, 27, 6], 0.033901]
[[37, 27, 7], 0.029272]
[[37, 27, 8], 0.03075]
[[37, 27, 9], 0.02572]
[[37, 27, 10], 0.023626]
[[37, 27, 11], 0.022958]
[[37, 27, 12], 0.0337]
[[37, 27, 13], 0.025424]
[[37, 27, 14], 0.038139]
[[37, 27, 15], 0.016361]
[[37, 27, 16], 0.03126]
[[37, 27, 17], 0.033271]
[[37, 27, 18], 0.032045]
[[37, 27, 19], 0.030964]
[[37, 27, 20], 0.030008]
[[37, 27, 21], 0.029158]
[[37, 27, 22], 0.040104]
[[37, 27, 23], 0.027719]
[[37, 27, 24], 0.027109]
[[37, 27, 25], 0.026558]
[[37, 27, 26], 0.026061]
[[37, 27, 27], 0.024795]
[[37, 28, 0], 0.014841]
[[37, 28, 1], 0.013277]
[[37, 28, 2], 0.036452]
[[37, 28, 3], 0.025327]
[[37, 28, 4], 0.027986]
[[37, 28, 5], 0.031952]
[[37, 28, 6], 0.0347]
[[37, 28, 7], 0.030365]
[[37, 28, 8], 0.028538]
[[37, 28, 9], 0.028721]
[[37, 28, 10], 0.024163]
[[37, 28, 13], 0.030417]
[[37, 28, 14], 0.037852]
[[37, 28, 15], 0.035984]
[[37, 28, 16], 0.034367]
[[37, 28, 17], 0.032959]
[[37, 28, 18], 0.044014]
[[37, 28, 19], 0.04286]
[[37, 28, 20], 0.029672]
[[37, 28, 21], 0.028814]
[[37, 28, 22], 0.011577]
[[37, 28, 23], 0.027361]
[[37, 28, 24], 0.026743]
[[37, 28, 25], 0.026186]
[[37, 28, 26], 0.025682]
[[37, 28, 27], 0.025225]
[[37, 28, 28], 0.02481]
[[37, 29, 0], 0.014355]
[[37, 29, 1], 0.012994]
[[37, 29, 2], 0.03637]
[[37, 29, 3], 0.02524]
[[37, 29, 4], 0.029413]
[[37, 29, 5], 0.031987]
[[37, 29, 6], 0.025417]
[[37, 29, 7], 0.030815]
[[37, 29, 8], 0.029872]
[[37, 29, 9], 0.029787]
[[37, 29, 10], 0.023366]
[[37, 29, 11], 0.019896]
[[37, 29, 12], 0.042351]
[[37, 29, 13], 0.016128]
[[37, 29, 14], 0.029255]
[[37, 29, 15], 0.035713]
[[37, 29, 16], 0.03409]
[[37, 29, 17], 0.032674]
[[37, 29, 18], 0.042591]
[[37, 29, 19], 0.030337]
[[37, 29, 20], 0.029365]
[[37, 29, 21], 0.0285]
[[37, 29, 22], 0.040022]
[[37, 29, 23], 0.027033]
[[37, 29, 24], 0.026409]
[[37, 29, 25], 0.025845]
[[37, 29, 26], 0.025335]
[[37, 29, 27], 0.036829]
[[37, 29, 28], 0.024452]
[[37, 29, 29], 0.035885]
[[37, 33, 27], 0.036707]
[[37, 33, 28], 0.023285]
[[37, 33, 29], 0.035769]
[[37, 33, 30], 0.035352]
[[37, 33, 31], 0.034965]
[[37, 33, 32], 0.034605]
[[37, 33, 33], 0.021592]
[[37, 34, 0], 0.016355]
[[37, 34, 1], 0.011883]
[[37, 34, 2], 0.036036]
[[37, 34, 3], 0.024888]
[[37, 34, 4], 0.039157]
[[37, 34, 5], 0.02882]
[[37, 34, 6], 0.025556]
[[37, 34, 7], 0.030548]
[[37, 34, 8], 0.028702]
[[37, 34, 9], 0.025672]
[[37, 34, 10], 0.022203]
[[37, 34, 11], 0.03228]
[[37, 34, 12], 0.0203]
[[37, 34, 13], 0.038759]
[[37, 34, 14], 0.014108]
[[37, 34, 15], 0.034641]
[[37, 34, 16], 0.032989]
[[37, 34, 17], 0.031546]
[[37, 34, 18], 0.030276]
[[37, 34, 19], 0.029153]
[[37, 34, 20], 0.028154]
[[37, 34, 21], 0.04068]
[[37, 34, 22], 0.03231]
[[37, 34, 23], 0.043338]
[[37, 34, 24], 0.025094]
[[37, 34, 25], 0.024506]
[[37, 34, 26], 0.037207]
[[37, 34, 27], 0.023488]
[[37, 34, 28], 0.016326]
[[37, 34, 29], 0.022642]
[[37, 34, 30], 0.022273]
[[37, 34, 31], 0.03494]
[[37, 34, 32], 0.021623]
[[37, 34, 33], 0.034245]
[[37, 34, 34], 0.021074]
[[37, 35, 0], 0.012016]
[[37, 35, 1], 0.011709]
[[37, 35, 2], 0.035981]
[[37, 35, 3], 0.02483]
[[37, 35, 4], 0.028519]
[[37, 35, 5], 0.028919]
[[37, 35, 6], 0.032534]
[[37, 35, 7], 0.03122]
[[37, 35, 8], 0.029629]
[[37, 35, 9], 0.030085]
[[37, 35, 10], 0.019703]
[[37, 35, 11], 0.019522]
[[37, 35, 12], 0.037655]
[[37, 35, 13], 0.038595]
[[37, 35, 14], 0.036377]
[[37, 35, 15], 0.034469]
[[37, 35, 16], 0.032813]
[[37, 35, 17], 0.031366]
[[37, 35, 18], 0.030092]
[[37, 35, 19], 0.028965]
[[37, 35, 20], 0.041569]
[[37, 35, 21], 0.038157]
[[37, 35, 22], 0.026262]
[[37, 35, 23], 0.025539]
[[37, 35, 24], 0.018464]
[[37, 35, 25], 0.024295]
[[37, 35, 26], 0.037181]
[[37, 35, 27], 0.032436]
[[37, 35, 28], 0.036167]
[[37, 35, 29], 0.035718]
[[37, 35, 30], 0.035303]
[[37, 35, 31], 0.021703]
[[37, 35, 32], 0.021389]
[[37, 35, 33], 0.021101]
[[37, 35, 34], 0.03391]
[[37, 35, 35], 0.033618]
[[37, 36, 0], 0.011701]
[[37, 36, 1], 0.011548]
[[37, 36, 2], 0.035929]
[[37, 36, 3], 0.011506]
[[37, 36, 4], 0.029675]
[[37, 36, 5], 0.029014]
[[37, 36, 6], 0.03323]
[[37, 36, 7], 0.030449]
[[37, 36, 8], 0.031418]
[[37, 36, 9], 0.029622]
[[37, 36, 10], 0.021508]
[[37, 36, 11], 0.019341]
[[37, 36, 12], 0.041052]
[[37, 36, 13], 0.017086]
[[37, 36, 14], 0.03622]
[[37, 36, 15], 0.013703]
[[37, 36, 16], 0.032649]
[[37, 36, 17], 0.044991]
[[37, 36, 18], 0.029921]
[[37, 36, 19], 0.028789]
[[37, 36, 20], 0.027783]
[[37, 36, 21], 0.039106]
[[37, 36, 22], 0.026076]
[[37, 36, 23], 0.025349]
[[37, 36, 24], 0.024692]
[[37, 36, 25], 0.037728]
[[37, 36, 26], 0.037155]
[[37, 36, 27], 0.036628]
[[37, 36, 28], 0.022617]
[[37, 36, 29], 0.035695]
[[37, 36, 30], 0.035279]
[[37, 36, 31], 0.034894]
[[37, 36, 32], 0.034535]
[[37, 36, 33], 0.034201]
[[37, 36, 34], 0.020612]
[[37, 36, 35], 0.020365]
[[37, 36, 36], 0.033324]
[[37, 37, 0], 0.011402]
[[37, 37, 1], 0.011398]
[[37, 37, 2], 0.03588]
[[37, 37, 3], 0.035898]
[[37, 37, 4], 0.029706]
[[37, 37, 5], 0.029105]
[[37, 37, 6], 0.025623]
[[37, 37, 7], 0.02993]
[[37, 37, 8], 0.030224]
[[37, 37, 9], 0.023633]
[[37, 37, 10], 0.035418]
[[37, 37, 11], 0.020011]
[[37, 37, 12], 0.021029]
[[37, 37, 13], 0.01945]
[[37, 37, 14], 0.036074]
[[37, 37, 15], 0.012946]
[[37, 37, 16], 0.032496]
[[37, 37, 17], 0.031041]
[[37, 37, 18], 0.02976]
[[37, 37, 19], 0.028625]
[[37, 37, 20], 0.027615]
[[37, 37, 21], 0.010477]
[[37, 37, 22], 0.025902]
[[37, 37, 23], 0.039011]
[[37, 37, 24], 0.030365]
[[37, 37, 25], 0.023913]
[[37, 37, 26], 0.03713]
[[37, 37, 27], 0.036604]
[[37, 37, 28], 0.03612]
[[37, 37, 29], 0.022011]
[[37, 37, 30], 0.021633]
[[37, 37, 31], 0.021287]
[[37, 37, 32], 0.034514]
[[37, 37, 33], 0.03418]
[[37, 37, 34], 0.020405]
[[37, 37, 35], 0.033577]
[[37, 37, 36], 0.021078]
[[37, 37, 37], 0.033048]
