[[1, 1, 0, 0], 0.4218750000000001]
[[1, 1, 0, 0], 0.0008609215645753476]
[[2, 1, 0, 0], 0.25973372775246695]
[[2, 1, 0, 0], 0.22581734372943174]
[[2, 2, 0, 0], 0.2109375000203897]
[[2, 2, 0, 0], 0.17328390568764007]
[[3, 1, 0, 0], 0.1823313130299462]
[[3, 1, 0, 0], 0.16504114407871384]
[[3, 2, 0, 0], 0.16301542477859177]
[[3, 2, 0, 0], 0.13745364187343512]
[[4, 1, 0, 0], 0.1398933078196003]
[[4, 1, 0, 0], 0.1295803680404788]
[[3, 3, 0, 0], 0.14062500000000056]
[[3, 3, 0, 0], 0.11552260361349909]
[[4, 2, 0, 0], 0.1298668638762367]
[[4, 2, 0, 0], 0.1129086718246981]
[[5, 1, 0, 0], 0.11334734108365452]
[[5, 1, 0, 0], 0.10653157897831989]
[[4, 3, 0, 0], 0.11823081912338415]
[[4, 3, 0, 0], 0.09858693903697713]
[[5, 2, 0, 0], 0.10727119390602538]
[[5, 2, 0, 0], 0.09544856638967758]
[[6, 1, 0, 0], 0.0952256086521493]
[[6, 1, 0, 0], 0.09039594351406777]
[[4, 4, 0, 0], 0.10546875001454993]
[[4, 4, 0, 0], 0.08664195279561682]
[[5, 3, 0, 0], 0.10030608411322843]
[[5, 3, 0, 0], 0.08551018397315602]
[[6, 2, 0, 0], 0.09116565651497177]
[[6, 2, 0, 0], 0.08252057214986053]
[[7, 1, 0, 0], 0.08208207727325242]
[[7, 1, 0, 0], 0.07848436349581789]
[[5, 4, 0, 0], 0.09260140678119735]
[[5, 4, 0, 0], 0.07681065713313728]
[[6, 3, 0, 0], 0.08657790925082426]
[[6, 3, 0, 0], 0.07527244786797382]
[[7, 2, 0, 0], 0.07918289332942946]
[[7, 2, 0, 0], 0.07260983823482547]
[[8, 1, 0, 0], 0.07211856578690956]
[[8, 1, 0, 0], 0.06933625770079743]
