[10, 21, 24, 8]
[12, 18, 24, 8]
[14, 15, 24, 8]
[16, 12, 24, 8]
[18, 9, 24, 8]
[20, 6, 24, 8]
[19, 6, 24, 8]
[21, 3, 24, 8]
[20, 3, 24, 8]
[19, 3, 24, 8]
[18, 3, 24, 8]
[18, 6, 20, 8]
[17, 6, 20, 8]
[19, 3, 20, 8]
[18, 3, 20, 8]
[17, 3, 20, 8]
[16, 6, 17, 8]
[15, 7, 16, 8]
[14, 8, 15, 8]
[13, 9, 14, 8]
[14, 10, 11, 8]
[15, 10, 9, 8]
[16, 8, 9, 8]
[16, 7, 9, 8]
[18, 6, 7, 8]
[17, 9, 4, 8]
[16, 9, 4, 8]
[17, 8, 3, 8]
[16, 8, 3, 8]
[15, 8, 3, 8]
[15, 8, 2, 8]
[14, 8, 2, 8]
[15, 7, 1, 8]
[15, 6, 1, 8]
[17, 3, 1, 8]
[16, 3, 1, 8]
[15, 3, 1, 8]
[14, 3, 1, 8]
[13, 3, 1, 8]
[13, 2, 1, 8]
[12, 2, 2, 7]
[11, 3, 4, 4]
[10, 3, 4, 4]
[9, 3, 4, 4]
[10, 2, 3, 4]
[11, 1, 3, 3]
[10, 2, 2, 3]
[9, 2, 2, 3]
[9, 3, 3, 0]
[9, 3, 2, 0]
[9, 2, 2, 0]
[9, 1, 2, 0]
[8, 1, 2, 0]
[7, 3, 0, 0]
[6, 3, 0, 0]
[5, 3, 0, 0]
[4, 3, 0, 0]
