[[[0, 0, 0], [1, 0, 0], [0, 1, 0], [1, 1, 0], [0, 0, 1], [1, 0, 0], [0, 1, 1], [1, 1, 0]], [1.3333, 2.0, 1.3333]]
[[[0, 0, 0], [1, 0, 0], [0, 1, 0], [1, 1, 0], [0, 0, 1], [1, 0, 0], [0, 1, 0], [1, 1, 1]], [-3.7272, 2.6358, 15.0288]]
[[[0, 0, 0], [1, 0, 0], [0, 1, 0], [1, 1, 0], [0, 0, 2], [1, 0, 0], [0, 1, 1], [1, 1, 0]], [1.3921, 1.7206, 2.1979]]
[[[0, 0, 0], [1, 0, 0], [0, 1, 0], [1, 1, 0], [0, 0, 2], [1, 0, 0], [0, 1, 0], [1, 1, 1]], [1.7793, 1.7794, 2.3956]]
[[[0, 0, 0], [1, 0, 0], [0, 1, 0], [1, 1, 0], [0, 0, 2], [1, 0, 0], [0, 1, 2], [1, 1, 0]], [1.3333, 2.0, 2.6667]]
[[[0, 0, 0], [1, 0, 0], [0, 1, 0], [1, 1, 0], [0, 0, 2], [1, 0, 0], [0, 1, 0], [1, 1, 2]], [2.0, 2.0001, 3.0557]]
[[[0, 0, 0], [1, 0, 0], [0, 1, 0], [1, 1, 0], [0, 0, 3], [1, 0, 0], [0, 1, 1], [1, 1, 0]], [1.4272, 1.6347, 3.166]]
[[[0, 0, 0], [1, 0, 0], [0, 1, 0], [1, 1, 0], [0, 0, 3], [1, 0, 0], [0, 1, 0], [1, 1, 1]], [1.6884, 1.6884, 3.3491]]
[[[0, 0, 0], [1, 0, 0], [0, 1, 0], [1, 1, 0], [0, 0, 3], [1, 0, 0], [0, 1, 2], [1, 1, 0]], [1.3623, 1.8149, 3.4731]]
[[[0, 0, 0], [1, 0, 0], [0, 1, 0], [1, 1, 0], [0, 0, 3], [1, 0, 0], [0, 1, 0], [1, 1, 2]], [1.8629, 1.8629, 3.8841]]
[[[0, 0, 0], [1, 0, 0], [0, 1, 0], [1, 1, 0], [0, 0, 4], [1, 0, 0], [0, 1, 1], [1, 1, 0]], [1.4455, 1.5963, 4.1525]]
[[[0, 0, 0], [1, 0, 0], [0, 1, 0], [1, 1, 0], [0, 0, 4], [1, 0, 0], [0, 1, 0], [1, 1, 1]], [1.6413, 1.6413, 4.3265]]
[[[0, 0, 0], [1, 0, 0], [0, 1, 0], [1, 1, 0], [0, 0, 3], [1, 0, 0], [0, 1, 3], [1, 1, 0]], [1.3333, 2.0, 4.0]]
[[[0, 0, 0], [1, 0, 0], [0, 1, 0], [1, 1, 0], [0, 0, 3], [1, 0, 0], [0, 1, 0], [1, 1, 3]], [2.0, 2.0, 4.5836]]
[[[0, 0, 0], [1, 0, 0], [0, 1, 0], [1, 1, 0], [0, 0, 4], [1, 0, 0], [0, 1, 2], [1, 1, 0]], [1.3921, 1.7206, 4.3959]]
[[[0, 0, 0], [1, 0, 0], [0, 1, 0], [1, 1, 0], [0, 0, 4], [1, 0, 0], [0, 1, 0], [1, 1, 2]], [1.7794, 1.7794, 4.7911]]
[[[0, 0, 0], [1, 0, 0], [0, 1, 0], [1, 1, 0], [0, 0, 5], [1, 0, 0], [0, 1, 1], [1, 1, 0]], [1.4566, 1.5747, 5.145]]
[[[0, 0, 0], [1, 0, 0], [0, 1, 0], [1, 1, 0], [0, 0, 5], [1, 0, 0], [0, 1, 0], [1, 1, 1]], [1.6128, 1.6128, 5.3133]]
[[[0, 0, 0], [1, 0, 0], [0, 1, 0], [1, 1, 0], [0, 0, 4], [1, 0, 0], [0, 1, 3], [1, 1, 0]], [1.3505, 1.8632, 4.7749]]
[[[0, 0, 0], [1, 0, 0], [0, 1, 0], [1, 1, 0], [0, 0, 4], [1, 0, 0], [0, 1, 0], [1, 1, 3]], [1.901, 1.901, 5.394]]
[[[0, 0, 0], [1, 0, 0], [0, 1, 0], [1, 1, 0], [0, 0, 5], [1, 0, 0], [0, 1, 2], [1, 1, 0]], [1.4128, 1.6678, 5.356]]
[[[0, 0, 0], [1, 0, 0], [0, 1, 0], [1, 1, 0], [0, 0, 5], [1, 0, 0], [0, 1, 0], [1, 1, 2]], [1.7253, 1.7253, 5.7353]]
[[[0, 0, 0], [1, 0, 0], [0, 1, 0], [1, 1, 0], [0, 0, 6], [1, 0, 0], [0, 1, 1], [1, 1, 0]], [1.464, 1.561, 6.1404]]
[[[0, 0, 0], [1, 0, 0], [0, 1, 0], [1, 1, 0], [0, 0, 6], [1, 0, 0], [0, 1, 0], [1, 1, 1]], [1.5938, 1.5938, 6.3047]]
[[[0, 0, 0], [1, 0, 0], [0, 1, 0], [1, 1, 0], [0, 0, 4], [1, 0, 0], [0, 1, 4], [1, 1, 0]], [1.3333, 2.0, 5.3334]]
[[[0, 0, 0], [1, 0, 0], [0, 1, 0], [1, 1, 0], [0, 0, 4], [1, 0, 0], [0, 1, 0], [1, 1, 4]], [2.0, 2.0, 6.1115]]
[[[0, 0, 0], [1, 0, 0], [0, 1, 0], [1, 1, 0], [0, 0, 5], [1, 0, 0], [0, 1, 3], [1, 1, 0]], [1.3734, 1.7766, 5.6609]]
[[[0, 0, 0], [1, 0, 0], [0, 1, 0], [1, 1, 0], [0, 0, 5], [1, 0, 0], [0, 1, 0], [1, 1, 3]], [1.8304, 1.8304, 6.271]]
[[[0, 0, 0], [1, 0, 0], [0, 1, 0], [1, 1, 0], [0, 0, 6], [1, 0, 0], [0, 1, 2], [1, 1, 0]], [1.4272, 1.6347, 6.3321]]
[[[0, 0, 0], [1, 0, 0], [0, 1, 0], [1, 1, 0], [0, 0, 6], [1, 0, 0], [0, 1, 0], [1, 1, 2]], [1.6884, 1.6884, 6.6979]]
[[[0, 0, 0], [1, 0, 0], [0, 1, 0], [1, 1, 0], [0, 0, 7], [1, 0, 0], [0, 1, 1], [1, 1, 0]], [1.4692, 1.5515, 7.1372]]
[[[0, 0, 0], [1, 0, 0], [0, 1, 0], [1, 1, 0], [0, 0, 7], [1, 0, 0], [0, 1, 0], [1, 1, 1]], [1.5803, 1.5803, 7.2976]]
[[[0, 0, 0], [1, 0, 0], [0, 1, 0], [1, 1, 0], [0, 0, 5], [1, 0, 0], [0, 1, 4], [1, 1, 0]], [1.3447, 1.8919, 6.0885]]
[[[0, 0, 0], [1, 0, 0], [0, 1, 0], [1, 1, 0], [0, 0, 5], [1, 0, 0], [0, 1, 0], [1, 1, 4]], [1.9227, 1.9227, 6.9118]]
[[[0, 0, 0], [1, 0, 0], [0, 1, 0], [1, 1, 0], [0, 0, 6], [1, 0, 0], [0, 1, 3], [1, 1, 0]], [1.3921, 1.7206, 6.5938]]
[[[0, 0, 0], [1, 0, 0], [0, 1, 0], [1, 1, 0], [0, 0, 6], [1, 0, 0], [0, 1, 0], [1, 1, 3]], [1.7794, 1.7794, 7.1867]]
[[[0, 0, 0], [1, 0, 0], [0, 1, 0], [1, 1, 0], [0, 0, 7], [1, 0, 0], [0, 1, 2], [1, 1, 0]], [1.4376, 1.6124, 7.3162]]
[[[0, 0, 0], [1, 0, 0], [0, 1, 0], [1, 1, 0], [0, 0, 7], [1, 0, 0], [0, 1, 0], [1, 1, 2]], [1.6616, 1.6615, 7.6722]]
[[[0, 0, 0], [1, 0, 0], [0, 1, 0], [1, 1, 0], [0, 0, 8], [1, 0, 0], [0, 1, 1], [1, 1, 0]], [1.4731, 1.5446, 8.1348]]
[[[0, 0, 0], [1, 0, 0], [0, 1, 0], [1, 1, 0], [0, 0, 8], [1, 0, 0], [0, 1, 0], [1, 1, 1]], [1.5704, 1.5704, 8.2909]]
