[[29, 29, 22],0.028571809142442763,[0.9071819684496185, 2.927396946346657, 51.9167957539269]]
[[29, 29, 21],0.029311311824009166,[0.9042225281318366, 2.940909202163389, 49.99901198938683]]
[[29, 29, 20],0.030142930943349137,[0.9012485563581959, 2.9542969133981503, 48.028238385020074]]
[[29, 29, 19],0.020614836479153853,[2.3302353912627365, 0.8814731163796792, 0.6698314164172554]]
[[29, 29, 18],0.032144802591601566,[0.8952858033765598, 2.9804933979303283, 43.92994219430424]]
[[29, 29, 17],0.03335508194802508,[0.8923103467936861, 2.993211612337999, 41.804551534259446]]
[[29, 29, 16],0.01318386950912763,[1.2724380636480697, 2.135458837191241, 59.658142120576386]]
[[29, 29, 15],0.03633348839556089,[0.886400557654695, 3.0177053953764936, 37.40922480156338]]
[[29, 29, 14],0.024492190535016334,[2.5915699258142206, 0.9443898464319148, 0.2758792470689535]]
[[29, 29, 13],0.04033952589079609,[0.8805783224107592, 3.0407713321346193, 32.83477313702486]]
[[29, 29, 12],0.04288700706051658,[0.8777108697632727, 3.051726631823914, 30.48608574869266]]
[[29, 29, 11],0.022750202597809695,[2.2425145122207653, 1.2106638309181603, 0.43538319358691807]]
[[29, 29, 10],0.0231925782367371,[2.403327782258223, 1.6484457125240528, 3.9599897027866287]]
[[29, 29, 9],0.029558068176861955,[1.3414913015931003, 2.0075572876378494, 0.8794637202617246]]
[[29, 29, 8],0.026549100313734596,[2.122181316988189, 2.0868935564788322, 3.895710318208858]]
[[29, 29, 7],0.03192748555414529,[1.9024753111820019, 2.09241100676363, 2.8172563849296206]]
[[29, 29, 6],0.0366183821255275,[1.6622652594137366, 2.0125391310394556, 1.230719439947347]]
[[29, 29, 5],0.03146469812181858,[1.3472982778500946, 1.3033178459129215, -6.243067989806601]]
[[29, 29, 4],0.027543879899886,[2.5869282177309585, 2.4458248062473062, -0.7481022549137272]]
[[29, 29, 3],0.0469677417527752,[1.4142498649650341, 1.2306478701827004, 0.17602892648803736]]
[[29, 29, 2],0.036941594214763285,[1.8908619320032367, 2.020204651855208, 7.733010032814292]]
[[29, 29, 1],0.014539191668561952,[1.3341372105788063, 2.0000008676505794, 39.31888103790295]]
[[29, 29, 0],0.014547413793105592,[1.3333333332848791, 2.000000000074411, 38.666666670611264]]
[[29, 28, 28],0.02584518155123277,[0.9251839706755447, 2.8344883826043588, 61.86752556937961]]
[[29, 28, 27],0.026228717753013688,[0.9224793479151377, 2.847804358189635, 60.279518522006384]]
[[29, 28, 26],0.04357171605868939,[2.358754114206123, 0.9357047460386101, 45.50267456624918]]
[[29, 28, 25],0.027124748621231765,[0.9168884070643715, 2.875133580847711, 56.96400194854198]]
[[29, 28, 24],0.044708852749285335,[2.3863423656237583, 0.9316591374709133, 42.853830751162846]]
[[29, 28, 23],0.045361140482549,[2.401231372040131, 0.9295186140627684, 41.50324449914387]]
[[29, 28, 22],0.02888791284321849,[0.9081454030735713, 2.9170659797828313, 51.61394057592871]]
[[29, 28, 21],0.029621429517138115,[0.9051654026641563, 2.931057138479189, 49.72504538284538]]
[[29, 28, 20],0.030446775681947248,[0.9021654920605541, 2.944954288031237, 47.78248849468366]]
[[29, 28, 19],0.031378760139459366,[0.899153341341501, 2.958699604762962, 45.786421014907496]]
[[29, 28, 18],0.01356830332186496,[1.2626326184281442, 2.1589193324091176, 64.10793962889883]]
[[29, 28, 17],0.03363873362164187,[0.8931214379470898, 2.9855241314256946, 41.63660316640253]]
[[29, 28, 16],0.035016345691773365,[0.8901151021181937, 2.99851170832875, 39.48530580056192]]
[[29, 28, 15],0.036602929232042405,[0.8871232231825575, 3.0111656235511535, 37.28530915851444]]
[[29, 28, 14],0.03844298044522025,[0.8841511578567306, 3.023456330943543, 35.038638829759755]]
[[29, 28, 13],0.04059453694187172,[0.8812038216487179, 3.035360824628319, 32.747528756106426]]
[[29, 28, 12],0.021959968376781408,[2.0129034229113736, 1.2273823446525352, 0.50637365017763]]
[[29, 28, 11],0.03138657946258089,[1.1571204321158681, 2.1666094253506603, 1.7244248390473393]]
[[29, 28, 10],0.02220138140119813,[1.4245515049843387, 2.0619556322912485, 0.5391730540779653]]
[[29, 28, 9],0.024767287115602932,[1.4264962860057204, 2.123407337997325, 0.6253676299202515]]
[[29, 28, 8],0.02768894630662667,[2.342296508113368, 1.8498419501602112, 3.8103975739638014]]
[[29, 28, 7],0.03057576763330464,[2.1217725346487915, 1.934673197997573, 2.8551504894770643]]
[[29, 28, 6],0.03220161121593741,[1.7525265565439718, 1.6336221573271459, 0.37072940486383993]]
[[29, 28, 5],0.03143066009932971,[1.3471573112513704, 1.3038965543426466, -6.240724499391555]]
[[29, 28, 4],0.027452064371557734,[2.5933160684803687, 2.451566098606568, -0.7434902366579804]]
[[29, 28, 3],0.025953369927647962,[1.8336447781428642, 2.024167341325074, 11.77186237300725]]
[[29, 28, 2],0.03702332386381446,[1.88974527559472, 2.0183750552262563, 7.73058174607798]]
[[29, 28, 1],0.01478067901100636,[1.335156863333859, 1.982501544657228, 38.68689149310429]]
[[29, 28, 0],0.015037231817162338,[1.3333482162977213, 1.9980580079978616, 37.35762696418819]]
[[29, 27, 27],0.03215970237231443,[1.4046421000624987, 0.4625662969940847, 55.4237099102114]]
[[29, 27, 26],0.04360714012292268,[2.3585967171084965, 0.9353085826275696, 45.48996539144712]]
[[29, 27, 25],0.027487903222816506,[0.9179588446609714, 2.862723845379379, 56.54101961510041]]
[[29, 27, 24],0.011173942603763722,[2.400074898771951, 1.0101138543828707, 0.2204419501057917]]
[[29, 27, 23],0.04539980291447801,[2.4010199862495885, 0.9290954799767963, 41.49143886579691]]
[[29, 27, 22],0.03056124736238957,[0.6695466088647832, 2.2742265973046623, 0.15994229591919515]]
[[29, 27, 21],0.0299603702543284,[0.9061862325772067, 2.920397101193108, 49.42658308955266]]
[[29, 27, 20],0.030778772088007934,[0.9031588026217922, 2.9348316348863124, 47.51447238485353]]
[[29, 27, 19],0.031703516266766235,[0.9001136153315287, 2.94914475046352, 45.547900151666326]]
[[29, 27, 18],0.03275263621462155,[0.8970585446199134, 2.9632760910056826, 43.527167415709414]]
[[29, 27, 17],0.03394828639228838,[0.8940011363875504, 2.9771699297877627, 41.45304377489993]]
[[29, 27, 16],0.03531802617726697,[0.8909484839115542, 2.990776398280868, 39.32673484804412]]
[[29, 27, 15],0.03689662008042213,[0.8879071526431828, 3.0040523428872556, 37.14983406398203]]
[[29, 27, 14],0.03354803754031055,[2.224023679786451, 0.8013947240390152, 0.17227768722860412]]
[[29, 27, 13],0.04087208240615007,[0.8818820901208663, 3.029475887835771, 32.65220499458087]]
[[29, 27, 12],0.04340429218792573,[0.8789091968790471, 3.041572692851726, 30.33603659351733]]
[[29, 27, 11],0.021789259303530654,[1.3818949153925064, 2.0891144606697436, 0.8892497032136439]]
[[29, 27, 10],0.02612957975119972,[2.2070934021446083, 1.2629667579536836, 0.9706056377185792]]
[[29, 27, 9],0.02290420775740814,[2.084026286992334, 1.5140906321277694, 0.8363721840483468]]
[[29, 27, 8],0.02951464009232108,[1.5614790476082647, 2.1909344753345517, 1.86447318155314]]
[[29, 27, 7],0.032119008940831695,[2.075344729971866, 1.4917417453554378, 0.9524671546665302]]
[[29, 27, 6],0.03457989485870048,[1.850086016311419, 1.939321808317921, 1.4918625130755427]]
[[29, 27, 5],0.031394509982095795,[1.3470027073389035, 1.3045166778914157, -6.238230541094384]]
[[29, 27, 4],0.03745728361378691,[2.9560716170569052, 2.7720653593822373, 0.47616677355563297]]
[[29, 27, 3],0.014940590091231576,[1.345631209196095, 1.9647847325275134, 39.211675749806474]]
[[29, 27, 2],0.03711130125823914,[1.8885500222815894, 2.0164032731063783, 7.727994256278944]]
[[29, 27, 1],0.015046460094653985,[1.3363288930901853, 1.9643187282213208, 37.992930873425394]]
[[29, 27, 0],0.015562537013990812,[1.3333642558593788, 1.9960608697468942, 36.04692152975906]]
[[29, 26, 26],0.027425564448838913,[0.9219334922192549, 2.8349676265788566, 57.70204246536096]]
[[29, 26, 25],0.04418956942037697,[2.3718501706449127, 0.932891320381335, 44.16096810863797]]
[[29, 26, 24],0.04478596689923568,[2.3859565304570367, 0.9308117347069963, 42.82883225905114]]
[[29, 26, 23],0.028971617481479677,[0.9133011523109409, 2.8788710914977202, 52.695989280792915]]
[[29, 26, 22],0.046161748770521156,[2.416451392967888, 0.9264091388577375, 40.10984926278664]]
[[29, 26, 21],0.03033206254341569,[0.907293349025446, 2.908845379399058, 49.10082221860083]]
[[29, 26, 20],0.031142770579996357,[0.9042369246680995, 2.923844142647435, 47.22153995140597]]
[[29, 26, 19],0.025587748671606667,[0.9219160684560712, 1.9312807298504429, 2.351856200183994]]
[[29, 26, 18],0.023925768924475895,[1.297803550913676, 0.6073005038006093, 41.44709480688804]]
[[29, 26, 17],0.034287297691653625,[0.8949576489743795, 2.9680679789562148, 41.25183869207453]]
[[29, 26, 16],0.035648235126198066,[0.8918549198583829, 2.9823422761460567, 39.15283913398044]]
[[29, 26, 15],0.03721787920777357,[0.8887599301949533, 2.9962925215642993, 37.00123678980837]]
[[29, 26, 14],0.039040827782103674,[0.8856794560982578, 3.0098751616268133, 34.79881742442939]]
[[29, 26, 13],0.041175216609604756,[0.8826197863940605, 3.0230544915806394, 32.54768978035688]]
[[29, 26, 12],0.04369835435499781,[0.8795868859351692, 3.0358024746035888, 30.250212564659442]]
[[29, 26, 11],0.02114650178029375,[2.1461405760425243, 1.2907588150260088, 0.46284775237488585]]
[[29, 26, 10],0.022506386884453573,[2.13242949740024, 1.3503967088077788, 0.5660516226672904]]
[[29, 26, 9],0.022733925240640482,[1.6221007013209117, 2.0522902503134093, 1.149499970210549]]
[[29, 26, 8],0.029603848711058454,[2.109878681720151, 1.3366810152466806, 0.5742462204403171]]
[[29, 26, 7],0.031243033527546198,[1.6248781245209527, 2.0543680182020028, 1.2884154876230198]]
[[29, 26, 6],0.03340418770583291,[1.921941795129027, 1.8453421658290217, 1.3042992765236723]]
[[29, 26, 5],0.027098209471075586,[3.0000561384784636, 2.7684344085419927, 0.4318323156371364]]
[[29, 26, 4],0.028819629039731367,[1.8449525329032155, 1.7830267168723033, -2.655181321723388]]
[[29, 26, 3],0.015212709154334314,[1.3484376846927557, 1.9460559166234654, 38.47771333864585]]
[[29, 26, 2],0.03720627096771789,[1.8872675695108627, 2.014272079883446, 7.725231844674618]]
[[29, 26, 1],0.015339618744613672,[1.3375971069999797, 1.9455045202270353, 37.23829297801288]]
[[29, 26, 0],0.01612739096756193,[1.3333815647517702, 1.994006327098253, 34.734524879401086]]
[[29, 25, 25],0.028324704430547843,[0.9203679756846608, 2.8350242116953064, 55.584718226196046]]
[[29, 25, 24],0.02883098046190363,[0.9174866875712522, 2.8500478913143685, 53.95136123980156]]
[[29, 25, 23],0.04548377574672351,[2.4005926691551243, 0.9281871083362444, 41.46551209822479]]
[[29, 25, 22],0.030029611339809272,[0.9115432482744044, 2.8807579089051654, 50.53336113945147]]
[[29, 25, 21],0.04185390660997117,[2.4096095810249616, 1.0353622388834185, 13.16644656891921]]
[[29, 25, 20],0.031543307467106756,[0.9054092834751828, 2.911897856501686, 46.900708294497925]]
[[29, 25, 19],0.03245106996226309,[0.9022918894626398, 2.9274453908982148, 45.00059970646583]]
[[29, 25, 18],0.03348253957509206,[0.8991526501709534, 2.9428785449508212, 43.04387499436651]]
[[29, 25, 17],0.034659974173155514,[0.8960003571373667, 2.958125705959298, 41.030636627666105]]
[[29, 25, 16],0.03601104555001889,[0.8928435418942715, 2.9731201024573717, 38.96152481051767]]
[[29, 25, 15],0.03757063575205252,[0.8896903247404391, 2.9878015077095927, 36.83768877667443]]
[[29, 25, 14],0.02352031970067318,[2.2735438402726227, 0.9794390008707127, 0.23723993135654367]]
[[29, 25, 13],0.04150755678310305,[0.8834246707930243, 3.0160240405866947, 32.432671131022055]]
[[29, 25, 12],0.0184183789179286,[1.5399263957741758, 2.315029368493599, 2.5411038518455578]]
[[29, 25, 11],0.020144712932066246,[2.203581311777421, 1.3493245803687013, 0.7140749824315218]]
[[29, 25, 10],0.022277546513576586,[1.483100371989148, 2.1584968779787945, 1.2209176945141085]]
[[29, 25, 9],0.02576543315296526,[1.4072115074194438, 2.058171592138628, 0.6419840581564724]]
[[29, 25, 8],0.03030366780469248,[1.731371301833576, 2.2802195230030313, 3.393326118833637]]
[[29, 25, 7],0.030634995537716998,[1.6242552653798492, 2.0541125515900993, 1.193106029750983]]
[[29, 25, 6],0.034574641748946,[1.9300239541422406, 1.9678448018340238, 1.8535831541785737]]
[[29, 25, 5],0.03131503346181709,[1.346645052623448, 1.305900043229665, -6.232729059437621]]
[[29, 25, 4],0.027138638927980165,[2.6146905059627463, 2.471068711313407, -0.7284942869716468]]
[[29, 25, 3],0.01559008417220549,[1.3786527303215224, 1.908411868924411, 39.80275267646784]]
[[29, 25, 2],0.037309100718901256,[1.885888006775698, 2.0119613574744903, 7.722276762975128]]
[[29, 25, 1],0.01566367524791799,[1.3389675592259147, 1.926126384161569, 36.42089669380498]]
[[29, 25, 0],0.01673650301127665,[1.333400281089537, 1.9918919870407472, 33.42041133537383]]
[[29, 24, 24],0.029307962235216672,[0.918841217839631, 2.834971015949352, 53.44775037445658]]
[[29, 24, 23],0.029865548694021252,[0.9158897076129101, 2.8506595973364197, 51.80206712637418]]
[[29, 24, 22],0.030490435034998428,[0.9128748396851448, 2.8665904999808527, 50.10510123553216]]
[[29, 24, 21],0.031193027730165288,[0.909804255564246, 2.88269268203879, 48.35458468693698]]
[[29, 24, 20],0.01222105896097924,[2.739816497223329, 1.0816501789116557, -0.5922478210787224]]
[[29, 24, 19],0.03288357010588984,[0.9035301100185711, 2.9150999950893794, 44.68583851478247]]
[[29, 24, 18],0.015059455694201125,[1.4246769082882804, 2.156793164332445, 63.61591172554742]]
[[29, 24, 17],0.03507131828516613,[0.8971399831961658, 2.947237472470294, 40.786720364649135]]
[[29, 24, 16],0.014653092210172516,[3.1652087170388543, 1.2304919268372356, 0.7311038561194885]]
[[29, 24, 15],0.03795957078347638,[0.8907084970923662, 2.9784810109392468, 36.65704486087452]]
[[29, 24, 14],0.03976084912360867,[0.8874994559218223, 2.993596355894003, 34.508175238412775]]
[[29, 24, 13],0.04187341484126974,[0.8843058215253302, 3.0082992387118312, 32.30559437981003]]
[[29, 24, 12],0.018830625020295543,[2.445041868222061, 1.6255559328030702, 4.779611298329957]]
[[29, 24, 11],0.017895715832058064,[1.5982601651302997, 2.135441473787635, 1.2817572976865275]]
[[29, 24, 10],0.02074654830405772,[1.5527930265249175, 2.10301013205351, 1.1009633239203909]]
[[29, 24, 9],0.02637466469431146,[2.315527530233349, 2.2630740032075263, 7.092662720450913]]
[[29, 24, 8],0.02880995507375183,[2.31459207864924, 2.147702899335306, 5.555787394016838]]
[[29, 24, 7],0.0302029814447953,[1.661615213531922, 1.964457543982189, 1.0931368171306548]]
[[29, 24, 6],0.03249074183075362,[1.6281403889741017, 1.6273266112740625, 0.2600306115665377]]
[[29, 24, 5],0.03127121490313066,[1.3464373953458433, 1.3066745634143015, -6.229684910480554]]
[[29, 24, 4],0.028705509448612783,[1.8416698565877982, 1.7815539053837313, -2.66801396048898]]
[[29, 24, 3],0.0263776425743254,[1.8261962033314978, 2.0095498365165034, 11.750423974347084]]
[[29, 24, 2],0.03742080794777891,[1.884399860624565, 2.0094474581022435, 7.7191089172275245]]
[[29, 24, 1],0.016022661275452668,[1.340446978628279, 1.9062642366470814, 35.5395003956271]]
[[29, 24, 0],0.017395364951082442,[1.3334205605660638, 1.9897153354430117, 32.104556809858174]]
[[29, 23, 23],0.0334666712937312,[0.6171882422295201, 2.251305841505739, 0.1609597952624527]]
[[29, 23, 22],0.03100150464314058,[0.9143227618324127, 2.8512301127245387, 49.63671312578374]]
[[29, 23, 21],0.031694249041524306,[0.9112292749989724, 2.867885832465457, 47.92686226896767]]
[[29, 23, 20],0.03212282296704988,[2.6075699392449923, 1.5028099900172065, 20.072274339435552]]
[[29, 23, 19],0.03336324882050898,[0.9048832465318044, 2.901604809219077, 44.33902730967086]]
[[29, 23, 18],0.02834178544098924,[2.380209736868959, 0.993343728656227, 5.9730114988200915]]
[[29, 23, 17],0.029896899983204696,[2.4245279046754997, 0.9345777539078489, 4.311087259607396]]
[[29, 23, 16],0.03685482478303305,[0.8951109930153772, 2.951884899788467, 38.51647837821007]]
[[29, 23, 15],0.038390297338213794,[0.8918262394326874, 2.968216790912211, 36.45678338983181]]
[[29, 23, 14],0.040178556786075806,[0.8885441465143188, 2.9842035819273853, 34.338946406359376]]
[[29, 23, 13],0.033319161027144106,[2.275826983963295, 0.8986083308283627, 0.9733500256318105]]
[[29, 23, 12],0.028076734997330082,[2.394807583416034, 1.0449064606151894, 1.0988123493143798]]
[[29, 23, 11],0.02239242792574098,[2.1824489018562536, 1.3625559193448729, 1.6882070424382227]]
[[29, 23, 10],0.021734701472423363,[2.121254580114786, 1.4178197602963085, 0.8069691275959758]]
[[29, 23, 9],0.026920085047146488,[1.3631469412835064, 2.029106216784015, 0.5896958163876176]]
[[29, 23, 8],0.026584872976708706,[2.0086121353592974, 1.654702324442528, 1.4894787385812582]]
[[29, 23, 7],0.03297365902354033,[1.6156543198130227, 2.165395586168545, 1.8086882835753988]]
[[29, 23, 6],0.0344512851524693,[1.9875941310126684, 1.82990243782461, 1.5993831694058112]]
[[29, 23, 5],0.03122428963974736,[1.3462067404252247, 1.3075133514399273, -6.226416199529316]]
[[29, 23, 4],0.02689123003748936,[2.631096762252122, 2.486379942754905, -0.7174169102151778]]
[[29, 23, 3],0.01621169264193737,[1.358585202934455, 1.8862380964313552, 35.89854701572019]]
[[29, 23, 2],0.03647096227371521,[1.5256849589124077, 1.5012184270982427, 0.42552061664492213]]
[[29, 23, 1],0.016421215474864286,[1.3420428697878435, 1.8860070706764767, 34.5937981867881]]
[[29, 23, 0],0.018110420890184352,[1.3334425852135943, 1.98747371748122, 30.78693865335201]]
[[29, 22, 22],0.04635689813854054,[2.4154997173686557, 0.9243538912824077, 40.05210059015182]]
[[29, 22, 21],0.016808804047042568,[1.005853018684908, 2.246024316182957, 1.5022996334058671]]
[[29, 22, 20],0.03302318681003788,[0.9096020903237787, 2.8692258793403815, 45.73550878227192]]
[[29, 22, 19],0.033897628420376955,[0.9063645915291565, 2.8868310809202096, 43.95615157815092]]
[[29, 22, 18],0.05016494880658362,[2.4867376520143725, 0.9142702421166543, 34.36200941220981]]
[[29, 22, 17],0.03603516278154417,[0.8997606491852117, 2.922126124620992, 40.21772313778208]]
[[29, 22, 16],0.0299661922440211,[0.9943391262831179, 2.2369522320220527, 3.7879743829476626]]
[[29, 22, 15],0.03886959186511093,[0.8930572485085252, 2.9568760733543056, 36.23393660659067]]
[[29, 22, 14],0.04064305731982337,[0.8896956303076474, 2.973812135459257, 34.150455982313446]]
[[29, 22, 13],0.04272747099885662,[0.886341457891449, 2.9903457434337377, 32.00750239976456]]
[[29, 22, 12],0.014775950439399022,[2.0885118270042256, 2.023494586159785, 3.993256660783953]]
[[29, 22, 11],0.0208627337154843,[2.412506980085822, 1.592020361981273, 4.010421740234915]]
