[[31, 31, 31],0.0235271486665941,[0.9268680470593506, 2.834050961968876, 68.31788297185692]]
[[31, 31, 30],0.023833041727692898,[0.9243872432813953, 2.846039505346802, 66.74944298638286]]
[[31, 31, 29],0.024168794132136157,[0.9218508299767242, 2.858252106823085, 65.13935185285645]]
[[31, 31, 28],0.040636235791948486,[2.3563850711854237, 0.9364562694139874, 48.92399256620384]]
[[31, 31, 27],0.02494475911875403,[0.9166297728302344, 2.8831986071041684, 61.78672442522115]]
[[31, 31, 26],0.025393791585896587,[0.9139556759350341, 2.8958482285538816, 60.040965066030225]]
[[31, 31, 25],0.0421578277696828,[2.3955796276083077, 0.9307556233654113, 44.93875609103154]]
[[31, 31, 24],0.016994251819030703,[2.5232147915544596, 1.2264376932027177, 12.322972222349525]]
[[31, 31, 23],0.027053377880992806,[0.9057497651877449, 2.933950386308599, 54.5124251497185]]
[[31, 31, 22],0.027735463100614335,[0.9029738569962037, 2.9465452629668425, 52.570684274172656]]
[[31, 31, 21],0.028497740665937358,[0.9001878726208554, 2.9590115374813912, 50.57949473135295]]
[[31, 31, 20],0.04584589968253681,[2.475149597321799, 0.9197877740877006, 37.930456606352514]]
[[31, 31, 19],0.03031408477685822,[0.8946087092312367, 2.98339550136751, 46.451266894659064]]
[[31, 31, 18],0.031400671733545195,[0.8918261451194232, 2.995241695348094, 44.31629007556515]]
[[31, 31, 17],0.03263411978981407,[0.8890546197213746, 3.0068172551721615, 42.13591839144672]]
[[31, 31, 16],0.03404180287264288,[0.8862983354866312, 3.0180981266835123, 39.91182836533087]]
[[31, 31, 15],0.035658306182794516,[0.8835610652653334, 3.029065063601013, 37.64587411902436]]
[[31, 31, 14],0.03752800391881291,[0.8808462246229517, 3.0397033875751136, 35.34004066853307]]
[[31, 31, 13],0.039708823607813026,[0.8781570060175447, 3.050002568610597, 32.99639919850124]]
[[31, 31, 12],0.01998198424569458,[2.3904526917914692, 2.324429516772698, 10.469603649584306]]
[[31, 31, 11],0.030849998720607143,[1.1976282768142361, 2.297579335567341, 2.1545516067375607]]
[[31, 31, 10],0.021647561694007285,[2.306417996600921, 1.9453533996698198, 5.180643180293785]]
[[31, 31, 9],0.023941431571517305,[1.5868445520759455, 2.083932256506279, 1.2660413279760525]]
[[31, 31, 8],0.027429723496467568,[1.9790699452508504, 2.188140095477693, 3.7564452475952885]]
[[31, 31, 7],0.031122862823500918,[1.9077866717901488, 2.0116660929239467, 2.3889042369513023]]
[[31, 31, 6],0.03492780597494024,[1.8676780456692794, 1.985925459635754, 1.6783776387910527]]
[[31, 31, 5],0.03168142444814302,[1.3471243059665479, 1.3056528220915076, -6.232138881488072]]
[[31, 31, 4],0.03828158236756498,[2.927982570813299, 2.759092223348992, 0.48234727349753415]]
[[31, 31, 3],0.025519796319503074,[1.845502233471499, 2.0258758439054, 11.780785647258607]]
[[31, 31, 2],0.035882662338400394,[1.5339629887512574, 1.5317867480221596, 0.4375614119501518]]
[[31, 31, 1],0.01360211810306371,[1.3339884691276995, 2.0000000421195225, 41.9896405759503]]
[[31, 31, 0],0.013608870967744244,[1.3333333333321207, 1.999999999993021, 41.33333333346288]]
[[31, 30, 30],0.036424245893431254,[2.445808084606936, 0.47887628625351925, 0.11841325580931852]]
[[31, 30, 29],0.04023605133144519,[2.3443700931595797, 0.9378796333978613, 50.21003917307432]]
[[31, 30, 28],0.040665568939154066,[2.356239250272415, 0.93610264264907, 48.91193114556828]]
[[31, 30, 27],0.02523601895230937,[0.9175570074020396, 2.872334145515297, 61.389433112419546]]
[[31, 30, 26],0.03213849714746391,[2.63634219465438, 1.4965955038178527, 28.692758125466284]]
[[31, 30, 25],0.026173525629464678,[0.9121661239567702, 2.8983412517156255, 57.904239274905294]]
[[31, 30, 24],0.042793123992388306,[2.409745551060071, 0.9283331365879038, 43.56596029245973]]
[[31, 30, 23],0.027327063903810078,[0.9066422007931086, 2.924516209607449, 54.224080954617335]]
[[31, 30, 22],0.02800414022089485,[0.9038460392779182, 2.937542741062924, 52.30910175313402]]
[[31, 30, 21],0.02876120038335412,[0.9010355268223861, 2.9504637546348036, 50.34396826675222]]
[[31, 30, 20],0.029610449847316426,[0.8982168283583407, 2.9632333131823256, 48.32898565939638]]
[[31, 30, 19],0.030566585747318062,[0.8953958395620385, 2.9758088590788825, 46.26482346509241]]
[[31, 30, 18],0.03164748735827822,[0.8925780968794572, 2.988152003142403, 44.15249100271367]]
[[31, 30, 17],0.04925305206765584,[2.53335055755721, 0.9117495959577471, 33.43519102091756]]
[[31, 30, 16],0.023878602659340543,[1.4880628663333901, 1.1457231518745745, 0.7323389684635393]]
[[31, 30, 15],0.0358875950362969,[0.8841932761687061, 3.023475952946824, 37.54088154062605]]
[[31, 30, 14],0.0284407849340144,[2.2616563191089853, 0.949837024162482, 1.134188786155251]]
[[31, 30, 13],0.016489286164558324,[1.5197083633277018, 2.201290632699139, 1.7569197969843693]]
[[31, 30, 12],0.0424895282214647,[0.8759970184521577, 3.055799549772784, 30.55623262649487]]
[[31, 30, 11],0.02023302788665162,[2.1328187424646, 1.348527404128297, 0.48858450186578184]]
[[31, 30, 10],0.020027072931425357,[1.9880963526244815, 1.628013109208704, 1.0555145684068896]]
[[31, 30, 9],0.024373219624408405,[1.4903212127746923, 2.045216403182037, 0.7093761337931201]]
[[31, 30, 8],0.025081480859971233,[1.967333522421369, 2.0257342645837593, 2.5002352990060155]]
[[31, 30, 7],0.029833224246572178,[1.8915230619792467, 1.9473004050114586, 1.8607435020580643]]
[[31, 30, 6],0.0349575265609509,[1.923104741865335, 1.9490185295486424, 1.7716042542726465]]
[[31, 30, 5],0.03165103872881053,[1.347006156457796, 1.3061598225864817, -6.230059864036481]]
[[31, 30, 4],0.029142350521936904,[1.8491781179591469, 1.7892491362609393, -2.626111287613142]]
[[31, 30, 3],0.013742649251888978,[1.3418358468992724, 1.9838856192327707, 42.56563097665001]]
[[31, 30, 2],0.04486502715824595,[2.1049963179673643, 2.0505625526294, -1.6961236398540764]]
[[31, 30, 1],0.013813959537514376,[1.3349371955884939, 1.9836437053855354, 41.352390801265]]
[[31, 30, 0],0.014036589992317055,[1.3333463493623607, 1.998184859970314, 40.02431972654187]]
[[31, 29, 29],0.02479165448460302,[0.9237533045420426, 2.8347413350107304, 64.20683726481833]]
[[31, 29, 28],0.025153667027384974,[0.9211808509740763, 2.8476188684911694, 62.605910604132866]]
[[31, 29, 27],0.041162911318203474,[2.3685156448307985, 0.9338858843575716, 47.586964405438785]]
[[31, 29, 26],0.025993324381858543,[0.9158763961039599, 2.8739856603839913, 59.271171795595485]]
[[31, 29, 25],0.026481128212549096,[0.9131549152736915, 2.8873851959684798, 57.53376679559178]]
[[31, 29, 24],0.04282746836221089,[2.409537392261324, 0.9279329876619041, 43.55435106451212]]
[[31, 29, 23],0.027624464687311903,[0.9076031596846235, 2.9143680493920536, 53.91188869441876]]
[[31, 29, 22],0.028296037976845802,[0.9047856693176084, 2.9278467348434094, 52.025596519510096]]
[[31, 29, 21],0.029047355927435636,[0.9019491604110003, 2.941247115490305, 50.08847542739931]]
[[31, 29, 20],0.029890650607455545,[0.899100122743503, 2.95451868575294, 48.100568555722305]]
[[31, 29, 19],0.030840648874718626,[0.8962448528818121, 2.967613843927718, 46.06230913249279]]
[[31, 29, 18],0.031915261981949196,[0.893389345606693, 2.9804888986587628, 43.9745036503342]]
[[31, 29, 17],0.033136520530356935,[0.8905392123525996, 2.9931048576469, 41.83830265823]]
[[31, 29, 16],0.012786449928929805,[2.363597483699258, 1.3824210686679077, 1.5982988789492385]]
[[31, 29, 15],0.03613593304757495,[0.8848753409981819, 3.0174299497681836, 37.42679191201235]]
[[31, 29, 14],0.025166160502534868,[2.0543477454752694, 0.9990504966159964, 0.42450657009950565]]
[[31, 29, 13],0.040161549703870154,[0.8792896938380628, 3.04038473244391, 32.842202190011626]]
[[31, 29, 12],0.026399328457430597,[2.4866679619226737, 1.0298519909513901, 0.4324334530572571]]
[[31, 29, 11],0.018976243820241212,[2.3485502804182805, 1.7472325153940214, 4.1086818285575895]]
[[31, 29, 10],0.023089910283708187,[2.1440876171623064, 1.3548389621103967, 0.6858079963375602]]
[[31, 29, 9],0.022193968225782647,[1.7083291863779648, 1.9979165463376696, 1.2523311792495166]]
[[31, 29, 8],0.029070904029281183,[2.2363227491100792, 1.5884629551406055, 2.2249108016530874]]
[[31, 29, 7],0.031057983210874777,[2.033307358778753, 1.931296635483218, 2.5969984636622527]]
[[31, 29, 6],0.03490768150843227,[1.943273144597119, 1.7595405979683767, 1.243231274693331]]
[[31, 29, 5],0.031618877750112975,[1.346877271314016, 1.306700765951864, -6.227855373677764]]
[[31, 29, 4],0.029098840891448076,[1.8479376812037962, 1.7886430602768977, -2.6310224092381573]]
[[31, 29, 3],0.03508856377372171,[2.335324882416766, 2.252027833442, -1.1365546704815934]]
[[31, 29, 2],0.03676833206215703,[1.8956713478199985, 2.0158240563764083, 7.732040079825609]]
[[31, 29, 1],0.014045664979960272,[1.335962740938263, 1.9666930487435956, 40.660392174489054]]
[[31, 29, 0],0.01449316228644193,[1.3333603025281302, 1.9963216019262249, 38.713750929560675]]
[[31, 28, 28],0.025503240769141462,[0.9222484715579132, 2.8349149635801476, 62.11488347434548]]
[[31, 28, 27],0.025897805429932114,[0.9196253005597533, 2.848283573384954, 60.49972092710825]]
[[31, 28, 26],0.02633371643211741,[0.916947257331211, 2.861868769533438, 58.83978352932819]]
[[31, 28, 25],0.04225808908377508,[2.395005827418802, 0.929578624173169, 44.902981001530726]]
[[31, 28, 24],0.027352244543777642,[0.9114482369260205, 2.8894985345785402, 55.37813154159807]]
[[31, 28, 23],0.043527745997913855,[2.424368963151191, 0.9253765138430539, 42.16256791838543]]
[[31, 28, 22],0.028614101275106867,[0.9057995674583824, 2.91738881035644, 51.71778953009304]]
[[31, 28, 21],0.045066428327080604,[2.45680574489884, 0.9208640029085836, 39.34270501305708]]
[[31, 28, 20],0.027413002530745908,[0.32098976338063284, 1.768124753513176, 46.5148703579738]]
[[31, 28, 19],0.04696150530742868,[2.4927357712369558, 0.9160162238064723, 36.43180385547487]]
[[31, 28, 18],0.032206668557581565,[0.8942665167245005, 2.972187241567135, 43.78060146950306]]
[[31, 28, 17],0.033420815532499426,[0.8913725164841921, 2.9853822168333486, 41.66938361517602]]
[[31, 28, 16],0.034808941092621774,[0.888486264255132, 2.9982884863274433, 39.50946322455182]]
[[31, 28, 15],0.025090478652383095,[2.2937948555713867, 0.9133117704818224, 0.27593794953797285]]
[[31, 28, 14],0.03825565562437174,[0.8827577994044701, 3.023105332525092, 35.0502064098981]]
[[31, 28, 13],0.03205487443783215,[2.3125355194733874, 1.0489638529252452, 3.0324880655355795]]
[[31, 28, 12],0.023821400245381912,[2.356481950435705, 1.2252207636473191, 1.939503767353241]]
[[31, 28, 11],0.017406578042103812,[1.8782088224559788, 2.1535242254214872, 3.2161532252909266]]
[[31, 28, 10],0.02851318774558827,[1.999270494608315, 2.480875337781568, 8.213196091455409]]
[[31, 28, 9],0.023484774378007302,[2.211956734837178, 1.6821013768066115, 2.4280832993387453]]
[[31, 28, 8],0.029492750738280442,[1.588893695526763, 2.273816461726014, 2.1509025564308213]]
[[31, 28, 7],0.0316424325256418,[1.6344050904450553, 2.0916603303733727, 1.4455049209506299]]
[[31, 28, 6],0.031183567531857054,[1.819396738811004, 1.5910196390415932, 0.34384785625021763]]
[[31, 28, 5],0.03158478100355579,[1.3467363165702901, 1.3072791340926289, -6.225513671400489]]
[[31, 28, 4],0.03783985248668265,[2.9414349943031506, 2.769734970194572, 0.47864211053811306]]
[[31, 28, 3],0.02576194063003056,[1.8410514067348827, 2.017565784072179, 11.76736009467091]]
[[31, 28, 2],0.014255569567605193,[1.3410550913753025, 1.9492912784142145, 40.565445097025446]]
[[31, 28, 1],0.014299582189923148,[1.3370662834539673, 1.949191547020766, 39.91180076277036]]
[[31, 28, 0],0.014981654457800512,[1.3333752879062422, 1.9944083509650083, 37.4016037907498]]
[[31, 27, 27],0.026275117728726042,[0.9207785069139579, 2.834983116008736, 60.00179142712999]]
[[31, 27, 26],0.04174015973630959,[2.381187568535965, 0.9311517097508938, 46.2328402065975]]
[[31, 27, 25],0.04229505993194307,[2.3948126580796454, 0.9291506964252085, 44.88961014658531]]
[[31, 27, 24],0.04565501947031624,[2.296151146411338, 0.9665686246298091, 14.851566076001895]]
[[31, 27, 23],0.02830288556517828,[0.909758142087312, 2.8916553882694607, 53.20574532529294]]
[[31, 27, 22],0.02896175874866648,[0.9068952664834081, 2.906094076088949, 51.38303648771749]]
[[31, 27, 21],0.02969977890172796,[0.9040026232028391, 2.920524515308636, 49.5083461257089]]
[[31, 27, 20],0.04600580543815696,[2.4740091733678513, 0.9180072617614609, 37.88780867068715]]
[[31, 27, 19],0.031464925593409014,[0.8981564975283911, 2.949121415557575, 45.60115383935595]]
[[31, 27, 18],0.03252483247724919,[0.8952171274511028, 2.963173146677656, 43.568805526584136]]
[[31, 27, 17],0.02922705571615042,[2.2541894336753936, 0.7787966541081615, 0.312079515672532]]
[[31, 27, 16],0.013116276057297269,[1.3933933295029448, 2.1098190986583205, 60.25074664539806]]
[[31, 27, 15],0.036699810698080114,[0.8864131124579244, 3.0037392764440765, 37.166512675842306]]
[[31, 27, 14],0.03854156329715391,[0.8835029207120426, 3.0165972400967194, 34.935537034153285]]
[[31, 27, 13],0.018497986358319337,[2.3243757263400164, 1.273790204306134, 1.0965028025236006]]
[[31, 27, 12],0.04323576552446179,[0.8777509486492655, 3.041141955874252, 30.3399799624315]]
[[31, 27, 11],0.01649925601923872,[2.0580160023850893, 1.7684277644815785, 1.6900334558441548]]
[[31, 27, 10],0.022219087219282663,[1.3238416178943937, 2.1623067148261623, -1.229985365786996]]
[[31, 27, 9],0.02164414882904716,[2.0544208481114925, 2.003753884562247, 3.0172604555502716]]
[[31, 27, 8],0.028204799842611497,[2.1652914504919756, 2.202971152678303, 4.946189313967252]]
[[31, 27, 7],0.031114746048057154,[1.5900794250304802, 2.106575072301228, 1.1768134620023325]]
[[31, 27, 6],0.0338528218855529,[1.7780808923771554, 1.9058105687702835, 1.0699551838856698]]
[[31, 27, 5],0.03154856799260546,[1.3465817447685597, 1.3078988969754495, -6.223021502125148]]
[[31, 27, 4],0.037674961228395844,[2.946407479375302, 2.7737986837273736, 0.4772860026989478]]
[[31, 27, 3],0.014456087032732167,[1.3491693675185068, 1.9316018069120682, 40.377881947691414]]
[[31, 27, 2],0.03693796982282163,[1.8933234442440476, 2.0120299492441798, 7.7269970199384534]]
[[31, 27, 1],0.014578367778751777,[1.3382522594659347, 1.9311937119642255, 39.104709446326005]]
[[31, 27, 0],0.01550558597979439,[1.333391407337909, 1.9924431736151136, 36.087855998916694]]
[[31, 26, 26],0.027113892416789732,[0.9193427402245029, 2.8349533281129196, 57.86979441816211]]
[[31, 26, 25],0.027584957799678667,[0.9166047058405928, 2.849418145561421, 56.22989063392069]]
[[31, 26, 24],0.028108343201665623,[0.913810959875234, 2.8640989972516384, 54.54264219466079]]
[[31, 26, 23],0.02869145778128568,[0.9109675351389895, 2.8789400893470836, 52.806050037967665]]
[[31, 26, 22],0.029814779021860992,[2.1379693977566276, 0.6525867720697651, -0.13290336006931952]]
[[31, 26, 21],0.030073350713702426,[0.9051585793545417, 2.9088586405137793, 49.17838355292689]]
[[31, 26, 20],0.030894775070917136,[0.90220751299189, 2.9238076517022673, 47.28502885575099]]
[[31, 26, 19],0.025801509063965257,[2.270384180603948, 0.7607886511895351, 0.12754207534523182]]
[[31, 26, 18],0.032873426245388894,[0.8962497079046975, 2.9533628631156312, 43.33684679437337]]
[[31, 26, 17],0.04944077080141289,[2.5319023778406406, 0.9097670616175122, 33.39457177090342]]
[[31, 26, 16],0.035441935961859794,[0.8902667691397679, 2.9820613804218725, 39.17552524142334]]
[[31, 26, 15],0.037021494917856265,[0.887283184710738, 2.995958081318877, 37.01741298404413]]
[[31, 26, 14],0.038854082693923965,[0.8843132869330593, 3.0094958305485067, 34.80977189421989]]
[[31, 26, 13],0.04099780844437273,[0.8813629128791012, 3.022640581362758, 32.554576402907024]]
[[31, 26, 12],0.0157901915737035,[2.0088712105494193, 2.1487132850115773, 4.6343101371939905]]
[[31, 26, 11],0.017292706721832952,[2.074556736780167, 2.107906977309904, 4.396028122332572]]
[[31, 26, 10],0.030926625555052024,[2.3183551418085373, 1.0986999788061005, 0.6577223162515902]]
[[31, 26, 9],0.028815167838931892,[1.7354767411503174, 2.5173440194116283, 4.7426864637615855]]
[[31, 26, 8],0.026128375433428604,[1.709735584581203, 2.0811320274702085, 1.6847738620750405]]
[[31, 26, 7],0.030733153132050887,[2.2793228116921704, 1.4522397624380083, 0.9114813464292615]]
[[31, 26, 6],0.03442276284876544,[1.9941510829232432, 1.8587813098860615, 1.6650974085302348]]
[[31, 26, 5],0.03151003501427267,[1.3464117527260082, 1.3085646005678755, -6.22036383935961]]
[[31, 26, 4],0.028952375042719285,[1.8415664218303467, 1.787830457260309, -2.6507264915410236]]
[[31, 26, 3],0.035359954403493106,[1.9728127871433039, 1.9193387884553965, -1.899392187839265]]
[[31, 26, 2],0.037032898412211385,[1.8920212217985157, 2.009902776484832, 7.724219532869713]]
[[31, 26, 1],0.014885036240074572,[1.3395256402760918, 1.912764031141649, 38.23791126234626]]
[[31, 26, 0],0.016069016142315404,[1.3334087709749416, 1.9904240396758892, 34.77248627429903]]
[[31, 25, 25],0.04237521931095171,[2.3944280600025265, 0.9282341150784433, 44.860287555340896]]
[[31, 25, 24],0.02854351751406121,[0.915136438363738, 2.8499131634066375, 54.07042476016291]]
[[31, 25, 23],0.02911906174620095,[0.9122762041264814, 2.8652099452361743, 52.37101236516073]]
[[31, 25, 22],0.029762587586842217,[0.9093659717710172, 2.880662220841274, 50.62069996762729]]
[[31, 25, 21],0.032030036623997026,[0.8724349379769245, 2.233580542293025, 5.969986664560241]]
[[31, 25, 20],0.046099882144329675,[2.4733961690021915, 0.9169827702847403, 37.8622368201795]]
[[31, 25, 19],0.03221506803033725,[0.9004088737043668, 2.927273849321622, 45.04911015017634]]
[[31, 25, 18],0.03325678751206818,[0.8973739320634307, 2.9426616142313575, 43.082124792529626]]
[[31, 25, 17],0.03444434808796385,[0.8943277066867168, 2.9578601821866055, 41.06001081410348]]
[[31, 25, 16],0.03357623372519726,[2.674580623106451, 0.7262852342474563, -0.5122600129497183]]
[[31, 25, 15],0.03737471736041806,[0.8882321675593227, 2.9874437098933413, 36.8533176882633]]
[[31, 25, 14],0.03919699391786338,[0.8851973082304012, 3.0017219230567074, 34.67134268879061]]
[[31, 25, 13],0.025544910855921844,[2.295417504966728, 1.022713158769378, 0.6205367298122864]]
[[31, 25, 12],0.02707114580234914,[2.332921278984677, 1.0806364655464178, 1.1219533738269263]]
[[31, 25, 11],0.01830966167118817,[1.7053834666631809, 2.186277690685855, 2.5120037189183755]]
[[31, 25, 10],0.02095046698440604,[2.2452491754084023, 1.619334438729648, 2.380195760920027]]
[[31, 25, 9],0.021588121325466367,[2.0674498392310716, 1.9995574234065, 3.0806396916739907]]
[[31, 25, 8],0.028584262124390674,[2.0838863839175983, 1.4954938900509718, 1.192644283586017]]
[[31, 25, 7],0.030751476241057132,[1.6778379215527752, 1.9661783518974876, 1.2288596274828325]]
[[31, 25, 6],0.03163056916586368,[1.8046103224588539, 1.793042327576189, 0.6823779347573281]]
[[31, 25, 5],0.031468951296470135,[1.3462242288845407, 1.3092814742068362, -6.217523580937772]]
[[31, 25, 4],0.03731377199223835,[2.957194818548183, 2.782871470909258, 0.474369437309056]]
[[31, 25, 3],0.02606622400520372,[1.8355607004417465, 2.0070981812119157, 11.751555120062502]]
[[31, 25, 2],0.03713568175749974,[1.8906205489338304, 2.0075963690759444, 7.721248275673233]]
[[31, 25, 1],0.015223021322519986,[1.3408918524154327, 1.8939744957478928, 37.31094745438271]]
[[31, 25, 0],0.016676651845044122,[1.333427518638688, 1.9883488047591544, 33.45547443207767]]
[[31, 24, 24],0.029024045350832302,[0.9165694566968866, 2.8346316728771614, 53.55735459825207]]
[[31, 24, 23],0.029883736547100147,[2.4358982627896237, 0.6250600546466374, 0.19681967010190812]]
[[31, 24, 22],0.030226015625676242,[0.9107598620983862, 2.86634394264895, 50.18639392185559]]
[[31, 24, 21],0.04524872474774154,[2.4556797158842376, 0.9188564088438191, 39.289789079742725]]
[[31, 24, 20],0.03174122860219682,[0.9047490406018692, 2.898653480874775, 46.60523491142382]]
[[31, 24, 19],0.032649032817284075,[0.9016878334892517, 2.914846847054373, 44.73172448573932]]
[[31, 24, 18],0.03368006704922667,[0.8986007539068694, 2.9309624633053106, 42.80166369075137]]
[[31, 24, 17],0.03485660173049742,[0.8954964735137497, 2.946923799884472, 40.81476765711224]]
[[31, 24, 16],0.03620633031465995,[0.8923835697355745, 2.9626579459815776, 38.771302980413246]]
[[31, 24, 15],0.03776416453613728,[0.889270357877181, 2.9780976541370014, 36.672076394864945]]
[[31, 24, 14],0.03957480244469769,[0.8861647782004843, 2.9931829749874264, 34.5183992727746]]
[[31, 24, 13],0.041696483689656845,[0.883074366991672, 3.0078623657471812, 32.312031426937146]]
[[31, 24, 12],0.021414128559957397,[2.3378100666566253, 1.1823789888534664, 0.5382849685255089]]
[[31, 24, 11],0.024470491073080785,[1.3387956193813753, 2.5180791951033705, 2.0122927882672363]]
[[31, 24, 10],0.02045526260749529,[2.3153390874858, 1.7456553505122745, 3.4126078803929616]]
[[31, 24, 9],0.02700764430161026,[1.3918035803976927, 2.1133449142713645, 0.9042400364385792]]
[[31, 24, 8],0.02501308343763736,[5.468829978720931, 1.0034266830607648, 3.4970574142781468]]
[[31, 24, 7],0.03004008705663849,[1.7624417195497657, 2.0170642375813794, 1.626996670755747]]
[[31, 24, 6],0.031748766632544625,[1.7737324673646881, 1.7756386848682826, 0.6002125063634351]]
[[31, 24, 5],0.03142505433504594,[1.3460166880552298, 1.3100555630337496, -6.214481171350663]]
[[31, 24, 4],0.02718062237931891,[2.61217097148987, 2.478164083957834, -0.7267173813005627]]
[[31, 24, 3],0.02618577757283653,[1.8334332300663454, 2.002977676678466, 11.745672339531449]]
[[31, 24, 2],0.037247336373534265,[1.8891098136360387, 2.0050871129727628, 7.718063022094397]]
[[31, 24, 1],0.015596253864965584,[1.3423571611203764, 1.874901678285389, 36.324151669306936]]
[[31, 24, 0],0.01733398230945388,[1.3334478014278923, 1.986215216272333, 32.13680166760272]]
[[31, 23, 23],0.030114843114999176,[0.9152291199098392, 2.8343559620501946, 51.38068010987823]]
[[31, 23, 22],0.02025539239938452,[0.8343863394095797, 2.1704746125879795, 0.12937773986955234]]
[[31, 23, 21],0.0314421042278293,[0.9092585597969959, 2.8675225655671, 47.99037417957484]]
[[31, 23, 20],0.03223392821627955,[0.9061927548691177, 2.884362206019959, 46.21444289704007]]
[[31, 23, 19],0.03313030503332672,[0.9030843979885103, 2.9012649455480153, 44.38211080266416]]
[[31, 23, 18],0.03414941534035307,[0.8999425425622349, 2.918145323974466, 42.492067972403525]]
[[31, 23, 17],0.03531359444790242,[0.8967765439733913, 2.9349172988773966, 40.5435638251748]]
[[31, 23, 16],0.03665061022004078,[0.8935958333407084, 2.951497015361552, 38.5364445100548]]
[[31, 23, 15],0.038195455766316444,[0.8904097008261103, 2.967805425328852, 36.47116167563812]]
[[31, 23, 14],0.03999291449610764,[0.887227132524939, 2.983770570543106, 34.34875170963142]]
[[31, 23, 13],0.035128623646727024,[0.4187814005919904, 2.0949133803980025, -11.860357910316473]]
[[31, 23, 12],0.017979492619360788,[1.7038960670589403, 2.275814141481655, 3.993843797726581]]
[[31, 23, 11],0.01637163282323559,[2.0246579891202137, 2.0108872955250843, 3.082366591391869]]
[[31, 23, 10],0.023467866686778836,[1.471469129232863, 2.21888888236406, 1.6905461101083479]]
[[31, 23, 9],0.0222552116301885,[2.1687108646815885, 1.6786345721791027, 1.9263413107445533]]
[[31, 23, 8],0.027189227676465894,[1.9418417052590728, 2.183515380529947, 3.6169667483155483]]
[[31, 23, 7],0.030257349679419943,[2.07805581686789, 2.0364553706054918, 3.065904456393646]]
[[31, 23, 6],0.03233424307321194,[1.7418522680325097, 1.7440483252846797, 0.5294737217719265]]
[[31, 23, 5],0.03137804422944532,[1.3457861889196936, 1.3108938919792388, -6.211214146444945]]
[[31, 23, 4],0.027053262717589704,[2.6204439419417236, 2.486030278279369, -0.7210755645483619]]
[[31, 23, 3],0.01578176944358888,[1.3623519864923144, 1.8550390222082482, 36.63479635402398]]
[[31, 23, 2],0.03736906200584502,[1.8874754999907397, 2.002347061768492, 7.714640818396371]]
[[31, 23, 1],0.01600926147187968,[1.3439290819715326, 1.8556232843771554, 35.27863979064244]]
[[31, 23, 0],0.018047448891999055,[1.3334697970335705, 1.9840209039861776, 30.81645078199612]]
[[31, 22, 22],0.03131201061431937,[0.9139174566280386, 2.834014321969215, 49.19263029253685]]
[[31, 22, 21],0.032002928127527225,[0.9108732212258398, 2.851279002943117, 47.51573083647118]]
[[31, 22, 20],0.021814131070780174,[0.8573072245733963, 2.329679563246621, 0.32340680889474593]]
[[31, 22, 19],0.033666419373722764,[0.9046120310586582, 2.8863994908058705, 43.996251331385096]]
[[31, 22, 18],0.034672219298036724,[0.9014132009561086, 2.904076267456424, 42.14948130905729]]
[[31, 22, 17],0.03582253850864144,[0.8981820474887736, 2.9217041846066363, 40.242779367572574]]
[[31, 22, 16],0.021002562608543034,[2.2870124306310378, 0.9625823295002618, 0.2612380091992206]]
[[31, 22, 15],0.03867537474923329,[0.8916640630100763, 2.956433988551912, 36.247599543355406]]
[[31, 22, 14],0.040457863375910674,[0.8883977544489225, 2.973357461830312, 34.15980087329511]]
[[31, 22, 13],0.042551124148033685,[0.8851397935724874, 2.989880813803549, 32.01339623660614]]
[[31, 22, 12],0.016690462976299413,[1.568712141005236, 1.9894179468707263, 0.8847354928986426]]
[[31, 22, 11],0.01883774845760142,[2.3179826319588215, 2.027411891868581, 6.25616032954329]]
[[31, 22, 10],0.024257411035800775,[2.2510250302268195, 1.6182708082124087, 3.7535596516852228]]
[[31, 22, 9],0.023753227340142673,[2.1171315612602717, 1.4747245004176128, 0.9095203171903649]]
[[31, 22, 8],0.03203223161475738,[1.6905354858763257, 2.330935208426301, 3.6350695616493467]]
[[31, 22, 7],0.030827822187820653,[1.658419494386263, 1.993795850712725, 1.2596333532806088]]
[[31, 22, 6],0.035437055448971376,[1.6793041549188328, 1.9748987978519024, 1.115806282573318]]
[[31, 22, 5],0.02659369655050519,[3.015956797539801, 2.797590318299813, 0.4261569601702544]]
[[31, 22, 4],0.026916236944951266,[2.629221748464266, 2.494475501824934, -0.7151903354731395]]
[[31, 22, 3],0.02646007384681385,[1.8286127215768362, 1.9935069568709787, 11.73287879136531]]
[[31, 22, 2],0.03750228484724329,[1.8857017797032145, 1.9993428962876707, 7.710955574382231]]
[[31, 22, 1],0.016467297020354092,[1.3456168991980224, 1.836214557633329, 34.17625229463629]]
[[31, 22, 0],0.018824661156086338,[1.3334937154592743, 1.9817633709109324, 29.494406427404748]]
[[31, 21, 21],0.032630302227305744,[0.9126326409761141, 2.8336145458405952, 46.99471470909483]]
[[31, 21, 20],0.03339685282148317,[0.9094902428618408, 2.851747608462137, 45.31059277089706]]
[[31, 21, 19],0.021639758354687656,[2.6138417099153646, 0.8483739242199086, 0.535374772515929]]
[[31, 21, 18],0.03525740455501859,[0.9030282607950806, 2.888607431322183, 41.76955492833866]]
[[31, 21, 17],0.03639216865314877,[0.8997289904879197, 2.9071309028794463, 39.90826670639967]]
[[31, 21, 16],0.0376986922726148,[0.8963989216320524, 2.92557378917921, 37.984561460635845]]
[[31, 21, 15],0.03398834414997672,[2.517284621113001, 0.7773829703445196, 0.44347533990473936]]
[[31, 21, 14],0.04097760395500684,[0.8896923296815313, 2.9617942066787393, 33.94845575314608]]
[[31, 21, 13],0.04305355246655488,[0.8863385628388191, 2.9793754932337944, 31.83720028669801]]
[[31, 21, 12],0.04551774324255067,[0.8829991819834067, 2.996489988520725, 29.665757757877437]]
[[31, 21, 11],0.019212802207845193,[2.311557910031055, 1.555929739827899, 2.531799847362317]]
[[31, 21, 10],0.03173222803119517,[2.4154766128765006, 1.0507782286922807, 0.4866912342546856]]
[[31, 21, 9],0.025069713023502905,[1.4040098795332383, 1.39578823231593, 0.05442215603249148]]
[[31, 21, 8],0.03214679870676462,[2.2849185754870454, 1.4081622204109243, 1.7987881784633883]]
[[31, 21, 7],0.03077586324271268,[2.1073025941726193, 2.081127741630552, 3.472877069309472]]
[[31, 21, 6],0.03178743651712725,[1.8804856898031928, 1.7383592414269848, 0.7551025944202194]]
[[31, 21, 5],0.03127325483555022,[1.3452416157339429, 1.312797552061328, -6.2038983200513735]]
[[31, 21, 4],0.028635121534468257,[1.8317865790396786, 1.7837192367084884, -2.6885796971300864]]
[[31, 21, 3],0.0266184463148451,[1.8258664157332425, 1.9880278732140357, 11.72594216363713]]
[[31, 21, 2],0.016833901206348485,[1.3583193183913613, 1.8152962283422698, 33.75086758534542]]
[[31, 21, 1],0.016976505216334387,[1.3474322975159478, 1.8167448447000119, 33.01945700394311]]
[[31, 21, 0],0.01967467460475625,[1.3335197935626577, 1.9794399870779453, 28.170655408528667]]
[[31, 20, 20],0.03408742187028773,[0.9113727424344106, 2.8331642074086747, 44.78830051238506]]
[[31, 20, 19],0.034941435760241196,[0.9081210338125133, 2.852252781804295, 43.097561917621185]]
[[31, 20, 18],0.02742950579124736,[2.491724197301741, 0.7701485395422922, 0.3764793205232149]]
[[31, 20, 17],0.04982292839854168,[2.5293493829199014, 0.9059058659355319, 33.30906537817602]]
[[31, 20, 16],0.019544014358848887,[1.0525634969374462, 2.2126992373847645, 0.29662058761237914]]
[[31, 20, 15],0.02763939322080116,[2.1953924756823056, 0.8581907130512467, 0.16795583175186565]]
[[31, 20, 14],0.014080001935838641,[2.175448812314773, 1.4190011892972736, 0.756154339009736]]
[[31, 20, 13],0.02348537284659997,[2.380384456862164, 1.1993691973969416, 2.665590395540924]]
[[31, 20, 12],0.023262875823167637,[2.3222653312250414, 1.1422535904848552, 0.7166082591733349]]
[[31, 20, 11],0.03386745679140288,[1.023964314484182, 2.4367848051064076, 0.8992600911066578]]
[[31, 20, 10],0.037186334894359976,[0.9910768987310011, 2.58851553069642, 0.4279937771478112]]
[[31, 20, 9],0.02242467167262636,[2.118635252626218, 2.105369173862646, 4.270056097474168]]
[[31, 20, 8],0.030251285158504806,[2.1129217579244344, 2.3229903914287813, 5.726997838382321]]
[[31, 20, 7],0.03066727529898263,[2.0394751859909035, 1.5250201426821948, 0.852816354709183]]
[[31, 20, 6],0.03405831476667484,[1.9508551244888015, 1.8501395440785913, 1.520372499948063]]
[[31, 20, 5],0.031214617945112755,[1.3449182858848616, 1.313883960831107, -6.199784221990361]]
[[31, 20, 4],0.028555298357351974,[1.8326912040891243, 1.7826022936091448, -2.6882596415550557]]
[[31, 20, 3],0.017190564427590774,[1.3757470183852338, 1.7948886699785533, 33.21404982689796]]
[[31, 20, 2],0.03781041297115881,[1.8816579836195588, 1.9923735335982131, 7.702673111025971]]
[[31, 20, 1],0.01754413960274129,[1.3493901268680408, 1.7972745392639693, 31.811224631906388]]
[[31, 20, 0],0.02060835163114767,[1.3335483203015983, 1.977047982693285, 26.845187002534683]]
[[31, 19, 19],0.035704795742686465,[0.9101357425527996, 2.832670662843127, 42.57462014566939]]
[[31, 19, 18],0.016626300297345128,[1.6229140870281547, 1.9672123216217494, 60.06663382421028]]
[[31, 19, 17],0.036631672087286536,[2.746235693128461, 0.702220677881804, 0.5478945690888836]]
[[31, 19, 16],0.013905815709000647,[2.280999375934858, 1.242219673034306, 0.5194319370480449]]
[[31, 19, 15],0.025125710193853998,[0.9732518177464864, 2.4435676460994116, 0.7584295752292404]]
[[31, 19, 14],0.042222830717841414,[0.8927300516604739, 2.93448580003144, 33.44317175519337]]
[[31, 19, 13],0.015822217624502734,[2.4154610329691213, 1.4160139385346024, 1.6793193667288961]]
[[31, 19, 12],0.015192048541715164,[2.1245448075296465, 2.0887951768946467, 5.013895169513475]]
[[31, 19, 11],0.018526487413973877,[1.6275555471791812, 2.1852376938113123, 2.1578811434186265]]
[[31, 19, 10],0.03481155961238965,[1.1693438128608622, 2.4818364742110575, 2.043167487296926]]
[[31, 19, 9],0.02392359212118121,[3.040233122088664, 1.4771130793551523, 0.6240896451411589]]
[[31, 19, 8],0.027307764258486012,[1.5098493609114063, 2.0728003601328333, 0.9224871069443539]]
[[31, 19, 7],0.03142068893304318,[2.040846360413481, 1.7313399904845268, 1.9593614223697897]]
[[31, 19, 6],0.033491422306477364,[1.8695670922134708, 1.8524407925585273, 1.2290916258114708]]
[[31, 19, 5],0.03115112886235376,[1.3445530906754435, 1.3150775153688363, -6.195312914432054]]
[[31, 19, 4],0.026435245883517172,[2.659024258352924, 2.5240078966226265, -0.6959442627656228]]
[[31, 19, 3],0.026989847148958593,[1.819525763725216, 1.9751466104613706, 11.71098655183853]]
[[31, 19, 2],0.0379899015981742,[1.8793392344856772, 1.9883003290152426, 7.698003727418726]]
[[31, 19, 1],0.01817884711296065,[1.3515093416012107, 1.7778525660646016, 30.554891311203452]]
[[31, 19, 0],0.0216388363086761,[1.3335796594510823, 1.9745844273508686, 25.517993387885866]]
[[31, 18, 18],0.03750860044903771,[0.9089195439185995, 2.8321410793845985, 40.354780347081196]]
[[31, 18, 17],0.03858446275885758,[0.9054088900598941, 2.8534587992017064, 38.65221218965756]]
[[31, 18, 16],0.039828865518630054,[0.901828745284296, 2.8750270399834412, 36.88400408115295]]
[[31, 18, 15],0.01222440319354956,[1.4652644300008406, 2.2980107392669877, 0.6502069969161095]]
[[31, 18, 14],0.0429754831560557,[0.894519882678567, 2.9182964732196353, 33.13967307893812]]
[[31, 18, 13],0.018036111558263276,[1.2970960693160836, 2.1959527704490283, 0.5701382790805984]]
[[31, 18, 12],0.021379692448168196,[1.3403903337840328, 1.8673013424430671, 0.7324373484299098]]
[[31, 18, 11],0.01825842580684007,[1.5662562777559415, 1.9841872560822211, 0.8669916610741975]]
[[31, 18, 10],0.022407804621376426,[1.7024369607429235, 1.6344464433758192, 0.8681872756855376]]
[[31, 18, 9],0.030237687834765985,[1.4799099196887215, 2.323511672008968, 2.9873641927369317]]
[[31, 18, 8],0.024940617788579648,[2.07100621388157, 2.0250360604521207, 3.1566134479151344]]
[[31, 18, 7],0.030104776454753943,[1.9230589305934025, 1.9522647534468047, 2.2230903571291742]]
[[31, 18, 6],0.033104051200163846,[2.0190904710389836, 1.7592706234479574, 1.304805725749407]]
[[31, 18, 5],0.031082156926913726,[1.344138497125987, 1.3163945754726645, -6.190435424556814]]
[[31, 18, 4],0.028379011446606154,[1.8271227133482473, 1.7806679086909882, -2.709065635246325]]
[[31, 18, 3],0.03308506441780842,[1.4112684033097203, 1.4262786997357344, 0.1925472493592209]]
[[31, 18, 2],0.038190283819333176,[1.8767817302532317, 1.983741379924806, 7.692926042843573]]
[[31, 18, 1],0.01889104427694418,[1.3538141824130545, 1.7585143940852914, 29.25402171789718]]
[[31, 18, 0],0.022782187237043457,[1.3336142067381338, 1.9720462466396027, 24.189069901770697]]
[[31, 17, 17],0.0500827149449079,[2.5279203677504776, 0.9034137704691109, 33.248760143612294]]
[[31, 17, 16],0.03829004172993042,[0.3300510265974025, 1.6781811181055342, 41.60984138358928]]
[[31, 17, 15],0.04217006989129793,[0.9003202293201521, 2.8770970297748466, 34.64439642617988]]
[[31, 17, 14],0.01948258234865307,[2.2916204884537907, 1.306428691501131, 3.3438721393430297]]
[[31, 17, 13],0.03314910406477177,[0.41458201276627277, 1.7145005739817778, 42.58872898777679]]
[[31, 17, 12],0.02431673671712636,[1.1476104466616388, 2.3113313600967897, 0.7471946860075444]]
[[31, 17, 11],0.019218766821045816,[1.511885441834439, 2.191996446825163, 1.5338910338689813]]
[[31, 17, 10],0.02222825219521804,[1.8124359596958743, 2.333088538810616, 4.66006127580084]]
[[31, 17, 9],0.028523645881119105,[2.1427577256899952, 1.2265131247281642, 0.4570454261824849]]
[[31, 17, 8],0.026307340262848034,[2.06420963494205, 1.5273474139111838, 0.9499370095923412]]
[[31, 17, 7],0.030250609947046148,[1.5469886725461395, 1.9895428368486163, 0.75539689334695]]
[[31, 17, 6],0.03201253953719718,[1.7718626917285363, 1.7656007070654898, 0.6372875112250603]]
[[31, 17, 5],0.031006956690652232,[1.343665197124208, 1.317854961615906, -6.18509330823068]]
[[31, 17, 4],0.0282777757074961,[1.8269167302404885, 1.7791722300025032, -2.7130135514442326]]
[[31, 17, 3],0.02745781256202593,[1.8117196745600543, 1.9588492384769274, 11.694819913832522]]
[[31, 17, 2],0.032338693761062326,[1.4840169795740072, 1.4874868655831137, 0.3963343540215762]]
[[31, 17, 1],0.01969341983253529,[1.3563357048097946, 1.7392804619044133, 27.912284461537222]]
[[31, 17, 0],0.024058233439745936,[1.3336524780313075, 1.9694301870150914, 22.858415651440882]]
[[31, 16, 16],0.041812804547858295,[0.9065407532811296, 2.831001929324417, 35.90047782971539]]
[[31, 16, 15],0.043201944732956785,[0.9027020348172619, 2.8551026156751744, 34.187239890204644]]
[[31, 16, 14],0.044837154238381395,[0.8987876520896256, 2.87947013685306, 32.400345129770095]]
[[31, 16, 13],0.020464939815139048,[2.2459924951173993, 1.1339307027355083, 0.36850107838870416]]
[[31, 16, 12],0.034028527654960616,[2.3159814462576334, 0.9166552209953664, 0.6803073407143698]]
[[31, 16, 11],0.020018629375150893,[2.1560418764470786, 1.3265066223983, 0.4862494620723097]]
[[31, 16, 10],0.028125787286880186,[1.3438910112635716, 2.2991570301977178, 2.3379745763642847]]
[[31, 16, 9],0.02480576871173527,[2.164273879471987, 1.4007729069112125, 0.8845293174715101]]
[[31, 16, 8],0.029043732077833503,[1.584253478755019, 2.124969913049242, 1.9729020683127865]]
[[31, 16, 7],0.02978557883011739,[1.7592548504548222, 2.0797467844580737, 1.8780760738580802]]
[[31, 16, 6],0.0322704158474311,[1.6112965855200985, 1.6720913262202368, 0.28900913236818987]]
[[31, 16, 5],0.030924640394495863,[1.3431215793810234, 1.3194829114724802, -6.179216217395501]]
[[31, 16, 4],0.02816803411778348,[1.8216985321085375, 1.7809570011009663, -2.722830457628195]]
[[31, 16, 3],0.03342144538023091,[2.4600317605677935, 2.3742596782912826, -0.9827592244010538]]
[[31, 16, 2],0.03867023083391213,[1.8707852539727077, 1.972772782028469, 7.681346188145511]]
[[31, 16, 1],0.02060161484722715,[1.3591138319048892, 1.720154799525234, 26.533346113559183]]
[[31, 16, 0],0.025491750763020588,[1.333695096425793, 1.9667328272227969, 21.526033953957025]]
[[31, 15, 15],0.04440461959363984,[0.9053735222396386, 2.8304064932845243, 33.66768592485631]]
[[31, 15, 14],0.020358584937489564,[1.3790705318928618, 2.3643439229471683, 4.658667146586745]]
[[31, 15, 13],0.015344367763000142,[2.325779207363768, 1.3382127147133926, 0.5116556673095356]]
[[31, 15, 12],0.035518196651809206,[2.193193802541217, 0.9420067767922283, 1.2533153114437092]]
[[31, 15, 11],0.030102719178551382,[2.5225431006094334, 1.0050891774188857, 0.45694167531897806]]
[[31, 15, 10],0.028672921372619436,[1.1587777086923452, 2.104016420269858, 0.4224177901969235]]
[[31, 15, 9],0.026727420655690604,[1.2850564554881092, 2.1939845926303363, 0.4785572615285274]]
[[31, 15, 8],0.029068514490010678,[1.5114819980114447, 2.1982348426572966, 1.6707535557643567]]
[[31, 15, 7],0.030743431358095208,[2.1293182895416334, 1.738290007373416, 2.1913016262705654]]
[[31, 15, 6],0.03316644440943881,[1.8833714189561372, 1.9011295851341021, 1.42830853449474]]
[[31, 15, 5],0.030834142066585097,[1.342493008015619, 1.3213083698019505, -6.172718664896319]]
[[31, 15, 4],0.028048682991507225,[1.817116971393629, 1.78014753761844, -2.738004523441342]]
[[31, 15, 3],0.028065680312152556,[1.8018451786757201, 1.9375599862839818, 11.678460612770477]]
[[31, 15, 2],0.03896095119954903,[1.8672381499093422, 1.9660953719870569, 7.67473323245765]]
[[31, 15, 1],0.021635157031312958,[1.3622001814390026, 1.701123521152604, 25.12078884667934]]
[[31, 15, 0],0.02711410812302579,[1.3337428478669209, 1.9639505568225735, 20.19193290436434]]
[[31, 14, 14],0.047372142494968905,[0.904217770304711, 2.829803607131479, 31.43209470815805]]
[[31, 14, 13],0.014386004447309399,[2.2609547145244835, 1.5707845740124584, 2.1989417870991383]]
[[31, 14, 12],0.026133367307119362,[2.481837445336042, 1.0114230461750502, 0.32748915618295177]]
[[31, 14, 11],0.029358021522078545,[1.0721218509205332, 2.416986989202969, 0.6900798746871372]]
[[31, 14, 10],0.022326400801272128,[2.1131553859698036, 1.3465959904021387, 0.5623757721490693]]
[[31, 14, 9],0.024987869712508784,[2.0927350775649374, 1.3546334430502762, 0.5441900937047083]]
[[31, 14, 8],0.030422447769096177,[1.3010699058587207, 2.1982222464992742, 0.5978905474497502]]
[[31, 14, 7],0.02948540687967694,[1.6184836648765477, 2.027100834440501, 1.0799879627562268]]
[[31, 14, 6],0.03437770164790899,[1.97489159013003, 1.9852886985275333, 2.1658324860314684]]
[[31, 14, 5],0.03073417007909872,[1.3417608214581969, 1.323368755902966, -6.165495649369829]]
[[31, 14, 4],0.0279163402317891,[1.8147700263789897, 1.7778044078255142, -2.751210271964689]]
[[31, 14, 3],0.02844331770275864,[1.79583802726166, 1.9242599031582146, 11.671072582343008]]
[[31, 14, 2],0.03882372761855981,[1.5485993632292403, 1.5526359548880089, 0.4641911131111736]]
[[31, 14, 1],0.022818766726453638,[1.365662081329374, 1.6821528050931938, 23.678050986881093]]
[[31, 14, 0],0.02896561815743435,[1.3337967236290507, 1.9610795867607975, 18.856126026717977]]
[[31, 13, 13],0.020011860846824568,[1.7981444825606443, 1.7068677626999573, 42.94061756540558]]
[[31, 13, 12],0.032449199059247646,[1.0599198827501648, 1.7667158214164236, 1.0016246009035097]]
[[31, 13, 11],0.02276693523309504,[2.0462085110957338, 1.2413339592165367, 0.43403833493313104]]
[[31, 13, 10],0.020559381429954244,[2.1017072130892296, 1.4300561756019574, 0.6325027153371663]]
[[31, 13, 9],0.027028767128258614,[1.346603423367798, 2.300749579424112, 1.1552312381238596]]
[[31, 13, 8],0.024617725525244202,[2.0839867689699494, 2.0769240949195997, 3.5251423929069468]]
[[31, 13, 7],0.030660502378433433,[1.6935071084098512, 2.142802817790122, 1.963694348622292]]
[[31, 13, 6],0.03315106666013016,[1.9255597721786275, 1.9648428863850615, 1.793957353930898]]
[[31, 13, 5],0.03062314354370424,[1.3409009200140805, 1.3257114258558425, -6.157416656940093]]
[[31, 13, 4],0.03363334985360098,[3.055132034047558, 2.8878626483880985, 0.44969250010110473]]
[[31, 13, 3],0.02888744927340281,[1.7888739218339724, 1.9085375355416778, 11.665270666083481]]
[[31, 13, 2],0.03968548582360686,[1.8586605349057126, 1.9493461934971847, 7.659584614168064]]
[[31, 13, 1],0.024184218799232403,[1.369588408137269, 1.663185761617156, 22.208392269772098]]
[[31, 13, 0],0.03109897093925559,[1.333858003114616, 1.958115947262263, 17.51863299066932]]
[[31, 12, 12],0.01964239548417428,[2.4403061356181732, 1.5682512386088419, 4.830054296455523]]
[[31, 12, 11],0.02452497877141079,[2.2426563974227576, 1.1459537907649044, 0.44754610293137864]]
[[31, 12, 10],0.03326245285312751,[0.5721101468379446, 1.5433824946607573, 31.665802199114587]]
[[31, 12, 9],0.02876880290850713,[1.3593981906947867, 2.241359214671989, 1.6722811211685942]]
[[31, 12, 8],0.028038881293146783,[1.6687043323436066, 2.2457474991151227, 2.730721938100206]]
[[31, 12, 7],0.0292982615400164,[2.118613812566625, 1.9983301899588013, 3.138768085964956]]
[[31, 12, 6],0.032523586062534644,[1.8586733532438013, 1.8782759982004633, 1.2659917431565044]]
[[31, 12, 5],0.037470448375332296,[1.6953575397605671, 1.6985899435834624, 0.45278691361687456]]
[[31, 12, 4],0.033123323981129986,[3.0664547540210054, 2.9040334548523346, 0.4471001717722763]]
[[31, 12, 3],0.024460745639431264,[1.4443518839328204, 1.6360767822231246, 22.068251753816106]]
[[31, 12, 2],0.02515934980253366,[1.4062138681138063, 1.6367717005899203, 21.461769794882965]]
[[31, 12, 1],0.025773056901491245,[1.3740983304437788, 1.64413753659244, 20.714877586115747]]
[[31, 12, 0],0.03358438139777877,[1.3339283633722823, 1.9550555049843141, 16.17948040019835]]
[[31, 11, 11],0.022780924076489538,[2.241975909116086, 1.245680288661634, 0.9090464849049149]]
[[31, 11, 10],0.020004106323344314,[1.4793875619065728, 2.085017271032743, 0.7371911805367942]]
[[31, 11, 9],0.021525591111788377,[2.144489041961919, 2.0946553233806644, 4.436371185082982]]
[[31, 11, 8],0.0329519710053843,[1.2123817520227638, 2.100559987074235, 0.42715361236626426]]
[[31, 11, 7],0.03185107187366361,[1.7286056617863121, 2.2165207593217247, 2.627089035778431]]
[[31, 11, 6],0.03158117280732267,[1.6202955246812767, 1.5591198132320367, 0.21216112163076636]]
[[31, 11, 5],0.03035960347601532,[1.3386612496142407, 1.3315053066427243, -6.137986934700268]]
[[31, 11, 4],0.03255993969061859,[3.0782006809302267, 2.9222950422041976, 0.4444914372687465]]
[[31, 11, 3],0.03006129373984774,[1.7707956844276243, 1.8664824691349011, 11.666638981356424]]
[[31, 11, 2],0.02689107162603888,[1.4161657423373892, 1.616808885866827, 19.93909515701745]]
[[31, 11, 1],0.02764065143952195,[1.379354748612133, 1.6248874111496796, 19.20038215595116]]
[[31, 11, 0],0.036517538851006275,[1.334010058357269, 1.951894001464927, 14.838702700633592]]
[[31, 10, 10],0.03264160820157442,[1.1734108475925948, 2.530307088587304, 2.0607852759627083]]
[[31, 10, 9],0.02281595729879793,[1.7407832552930105, 1.4792979228072174, 30.34295178231704]]
[[31, 10, 8],0.02674163040165975,[2.140129492605145, 1.4528062069254633, 0.9368849180903878]]
[[31, 10, 7],0.03243178226433671,[2.0491342520543103, 1.3774032648269006, 0.5955837899430045]]
[[31, 10, 6],0.03147287377309675,[1.7670984080882417, 1.8380968920250327, 0.8309379780582375]]
[[31, 10, 5],0.03695339396558146,[1.6888054042904512, 1.6784966638297032, 0.41912215495314814]]
[[31, 10, 4],0.03193479990582667,[3.090261596204797, 2.9430240779763093, 0.441914107705573]]
[[31, 10, 3],0.02784794860180405,[1.4813244286455376, 1.5999847651673549, 18.914403031209456]]
[[31, 10, 2],0.028932115262485753,[1.4281832556440939, 1.5966236577707698, 18.394683019966454]]
[[31, 10, 1],0.029862443212275165,[1.3855856507894402, 1.605266109268569, 17.66761565153979]]
[[31, 10, 0],0.040032315931022334,[1.3341061834970769, 1.9486271350037936, 13.496343184076125]]
[[31, 9, 9],0.03162732843445267,[1.1303256020957697, 2.5363188209859273, 0.6610211253705881]]
[[31, 9, 8],0.024858125300863364,[1.7785459896106937, 1.5410269632522147, 27.323122074347307]]
[[31, 9, 7],0.027970196767644482,[2.0359758706133713, 2.03625426874824, 2.852444935392714]]
[[31, 9, 6],0.03074827795877971,[1.8193194636725805, 1.6721911195014039, 0.5410351159851162]]
[[31, 9, 5],0.030020815573136583,[1.3353667038216477, 1.339448012926196, -6.112446260942296]]
[[31, 9, 4],0.031237612143256217,[3.102465809256996, 2.9666901645409447, 0.4394368163842692]]
[[31, 9, 3],0.03101119564355557,[2.5913232762260474, 2.5236762570726663, -0.8587504160423062]]
[[31, 9, 2],0.031365654503769734,[1.4430479673780914, 1.576157797511271, 16.82969260526478]]
[[31, 9, 1],0.032543871751755764,[1.3931193082553612, 1.5850351075335196, 16.119169904811454]]
[[31, 9, 0],0.04432192992265078,[1.3342210882215126, 1.9452507271886956, 12.152455114554602]]
[[31, 8, 8],0.03557072275288639,[2.1922973374149843, 1.2190469269377242, 1.0225692971611902]]
[[31, 8, 7],0.030949775718568006,[1.6525813928720796, 2.211858956553321, 2.206710854627409]]
[[31, 8, 6],0.03178706540977446,[2.0298748190763556, 1.7966539813832982, 1.5114928417037377]]
[[31, 8, 5],0.02981218315291377,[1.333102087002407, 1.3446248215469796, -6.096373238560322]]
[[31, 8, 4],0.03045552884264931,[3.114551568481365, 2.9938919685855576, 0.43715722063713325]]
[[31, 8, 3],0.04781478120875588,[3.0881636955480283, 2.9803805804474717, 0.482851314640884]]
[[31, 8, 2],0.03430556491617832,[1.4619954422773986, 1.5554442209943866, 15.243943344422647]]
[[31, 8, 1],0.035836777082821694,[1.4024448422218232, 1.5638521836577943, 14.55760046374708]]
[[31, 8, 0],0.04967593294166525,[1.334361280998853, 1.941761055837268, 10.8071030119763]]
[[31, 7, 7],0.028778297809374333,[1.9678221859858844, 2.1530755047265293, 3.293425320532041]]
[[31, 7, 6],0.030964099786450504,[1.8743441081748389, 1.8730063189662391, 1.2687839369162022]]
[[31, 7, 5],0.030912006154108267,[1.696525204928315, 1.5129816458480194, 18.363318853514826]]
[[31, 7, 4],0.03190795058257907,[1.5377690029267175, 1.3751327548420311, 0.14732746507522673]]
[[31, 7, 3],0.03520298355461646,[1.6269537448406226, 1.6062550132655855, 13.146824788740098]]
[[31, 7, 2],0.03790920940608487,[1.487122196297859, 1.534828208702367, 13.63427504587116]]
[[31, 7, 1],0.039967733577267475,[1.4143219315306215, 1.5412122508146584, 12.985566706184418]]
[[31, 7, 0],0.03250053154164176,[1.3083661604605492, 2.50646552661349, 29.644744234321724]]
[[31, 6, 6],0.03096011227650007,[1.939022699167929, 1.9901911239669718, 1.8982844009012318]]
[[31, 6, 5],0.02927972117285812,[1.3264913670144787, 1.358869694166484, -6.054001405599866]]
[[31, 6, 4],0.028565632572088828,[3.136609714107424, 3.062347109029908, 0.43380844591475076]]
[[31, 6, 3],0.04513563808248253,[3.1133205785522398, 3.040392359242102, 0.477957933049957]]
[[31, 6, 2],0.04239129034276774,[1.5224169368210636, 1.5157581011460568, 11.988859517931562]]
[[31, 6, 1],0.045289653173883795,[1.4299921188973763, 1.5163416770023634, 11.406087234748759]]
[[31, 6, 0],0.03860901490296677,[1.3059927126970243, 2.502929011065674, 25.361912355974646]]
[[31, 5, 5],0.02893176926770622,[1.3215117404404573, 1.369022348004385, -6.025114553025557]]
[[31, 5, 4],0.027405954235128444,[3.1451106195699783, 3.106260102537991, 0.4332367218303946]]
[[31, 5, 3],0.04260384450350052,[1.6812199255602402, 1.502731168494327, 11.770436769004334]]
[[31, 5, 2],0.04801246496125433,[1.5776467224248356, 1.5048075727600851, 10.256726184608121]]
[[31, 5, 1],0.02485528711424638,[4.961797373329371, -0.9134818408594056, -14.61855463662265]]
[[31, 5, 0],0.04730676127949675,[1.3031578799756518, 2.4957868439751305, 21.082406836563262]]
[[31, 4, 4],0.026048492413910898,[3.150217553013923, 3.1596507091330635, 0.433964452558322]]
[[31, 4, 3],0.03454145201356134,[1.4341592867911026, 1.4978612068443438, 0.231589309441643]]
[[31, 4, 2],0.033154679957797965,[1.5799894227880362, 1.5560548854434146, 0.4773435031991768]]
[[31, 4, 1],0.035955903856272384,[0.8281292892502506, 8.186843314896574, 6.606563403351977]]
[[31, 4, 0],0.02436142893015552,[1.252567113324916, 4.521190722034156, 17.509608599186787]]
[[31, 3, 3],0.03893072615936411,[3.1385863719670057, 3.195399221686772, 0.47698028842609813]]
[[31, 3, 2],0.03516910928391323,[2.455011772735385, 2.531899116552017, -1.175209514834492]]
[[31, 3, 1],0.017433481880609156,[1.6136516796964677, 8.71167992641199, 1.6815565509038706]]
[[31, 3, 0],0.013685107099670527,[2.32019014555563, 0.7695571892583408, 14.410680665571926]]
[[31, 2, 2],0.02970995310104523,[4.701870420426513, 1.9941326458493496, 0.527839685326786]]
[[31, 2, 1],0.032246755426960955,[0.6073617984032119, 7.200245369422447, 6.143989403239875]]
[[31, 2, 0],0.02779399137252215,[1.6373520788583835, 5.462422618099217, 6.207676329588439]]
[[31, 1, 1],0.03260164551666891,[1.1951461325049757, 5.001924077502896, 4.472279571474499]]
[[31, 1, 0],0.046736412380444514,[3.49350555515598, -1.2254443469700569, 6.323860661865743]]
[[31, 0, 0],0.019116442515016985,[1.5032977930590479, 1.5032684166550903, 30.79619884329575]]
[[32, 32, 32],0.03821131836156898,[2.322312642314533, 0.9415851632194908, 54.48180556422553]]
[[32, 32, 31],0.02307860234612619,[0.9244651748483352, 2.8456618786361805, 68.95389440544416]]
[[32, 32, 30],0.038926147998728566,[2.343777977049712, 0.9383343040007112, 51.92571559837055]]
[[32, 32, 29],0.02373620517719456,[0.9195073809407626, 2.8694833413348753, 65.69561684225481]]
[[32, 32, 28],0.039758508428617,[2.3672472218109, 0.9348549174315036, 49.31731619552754]]
[[32, 32, 27],0.02452940309759438,[0.914375247175954, 2.893867663961596, 62.26259416091852]]
[[32, 32, 26],0.024987480542049783,[0.9117563720438159, 2.9061712209031905, 60.477155925019304]]
[[32, 32, 25],0.04129199746169927,[2.4067475647548795, 0.9291677943294094, 45.2917467309248]]
[[32, 32, 24],0.026053771776640002,[0.906440465168377, 2.9307879942969373, 56.763992760225264]]
[[32, 32, 23],0.02667556629256365,[0.9037547281423743, 2.943015493875716, 54.835433020618524]]
[[32, 32, 22],0.027367487099350038,[0.9010579227696491, 2.9551338322089657, 52.85888305654947]]
[[32, 32, 21],0.0441057730566913,[2.4690129277700303, 0.9206050300974368, 39.66925606324831]]
[[32, 32, 20],0.029004350773555898,[0.8956523536606731, 2.9788912708166757, 48.76376054823105]]
[[32, 32, 19],0.029976061457507162,[0.8929534661430676, 2.990462744867552, 46.646922437907634]]
[[32, 32, 18],0.047123683259150353,[2.524556086037238, 0.9133472842090907, 35.21427568365612]]
[[32, 32, 17],0.03231602905357152,[0.887585369965167, 3.0128516121154294, 42.281003878981444]]
[[32, 32, 16],0.01976616121918087,[2.276243506765434, 1.026111604340528, 0.5044408729604406]]
[[32, 32, 15],0.03535977052109842,[0.882281361402777, 3.034098247105909, 37.74955661767057]]
[[32, 32, 14],0.037239025376750244,[0.8796612606745777, 3.0442573721380053, 35.42632905985932]]
[[32, 32, 13],0.039429220579293205,[0.8770661793195593, 3.054095309478161, 33.06736930336839]]
[[32, 32, 12],0.042007455089965236,[0.874498974895406, 3.0636070205726127, 30.67467109431119]]
[[32, 32, 11],0.018474642775100247,[2.1779530783249696, 2.137481360233479, 5.675038346326705]]
[[32, 32, 10],0.028812357437352016,[2.3488302577772893, 1.3104447061461495, 2.322632981583022]]
[[32, 32, 9],0.023268686637963592,[2.1152984321167474, 2.0769854325281756, 4.144636321834228]]
[[32, 32, 8],0.03309031529228236,[2.0717996009328883, 1.4022744814151222, 1.416799450365082]]
[[32, 32, 7],0.03036593844883025,[2.0129477447199102, 1.5731792634336643, 0.8608453128790109]]
[[32, 32, 6],0.035729404986113655,[1.8175175810031863, 1.9933553968852915, 1.6135488894197056]]
[[32, 32, 5],0.03178054585697821,[1.347044503852152, 1.3067238248860626, -6.227118201640059]]
[[32, 32, 4],0.02928293644324054,[1.8497203135313531, 1.793017940120717, -2.6140863691663943]]
[[32, 32, 3],0.025364356523719725,[1.8501848109039263, 2.025276564924834, 11.782974422507008]]
[[32, 32, 2],0.03647701505623335,[1.9008490493918833, 2.0186008735350423, 7.738134432445128]]
[[32, 32, 1],0.01317744551841993,[1.3339928758358655, 1.9999968121002805, 43.32079256782087]]
[[32, 32, 0],0.0131835940270123,[1.3334475008922966, 2.000012777226591, 42.65953628648977]]
[[32, 31, 31],0.03858169998391311,[2.332693561845838, 0.939658017643979, 53.19735204966371]]
[[32, 31, 30],0.02367237739307676,[0.9228985782873987, 2.8464545480529058, 66.89502380937901]]
[[32, 31, 29],0.02401316556588895,[0.9204025539931735, 2.8586768779743763, 65.2696491800842]]
[[32, 31, 28],0.02626535833849188,[1.4195160867872492, 2.7919599974655434, 26.454658227536676]]
[[32, 31, 27],0.024799409181945727,[0.9152725202051744, 2.8836000227707883, 61.888276213205735]]
[[32, 31, 26],0.017195706199051763,[0.8570409277262447, 2.1685152502600986, 0.7453175893544675]]
[[32, 31, 25],0.025755608612099513,[0.9099920662674759, 2.9088865004398907, 58.32315504396122]]
[[32, 31, 24],0.02631157321731632,[0.9073091705912071, 2.9215556423944835, 56.46909101212428]]
[[32, 31, 23],0.04259667570281685,[2.436140320421553, 0.924650741202244, 42.510469487613975]]
[[32, 31, 22],0.031027683352664155,[2.3225671272233184, 0.9144590061775844, 8.373555577246757]]
[[32, 31, 21],0.028383458055356227,[0.8991587135296946, 2.959130272224228, 50.61601343334203]]
[[32, 31, 20],0.02924310373373973,[0.8964266941191363, 2.971370440174983, 48.568649733764495]]
[[32, 31, 19],0.030209689860900626,[0.8936958681179826, 2.983405172873484, 46.47425335345854]]
[[32, 31, 18],0.031301051708846145,[0.8909710126175333, 2.9952023017425278, 44.33395560384567]]
[[32, 31, 17],0.03253914394962781,[0.8882565095892222, 3.0067340352412826, 42.14914186510311]]
[[32, 31, 16],0.03395132980433108,[0.8855563372532941, 3.0179771205496766, 39.92141145228705]]
[[32, 31, 15],0.03557218608455614,[0.8828740967163997, 3.0289128137025463, 37.65253483693565]]
[[32, 31, 14],0.03744608085332293,[0.8802130810657174, 3.0395266673276273, 35.34441049597677]]
[[32, 31, 13],0.03963093762706458,[0.8775764056961705, 3.049808150010046, 32.99902330089202]]
[[32, 31, 12],0.03133434614182623,[2.578700242604771, 1.0573078700187204, 2.0804377525155955]]
[[32, 31, 11],0.018910487276046415,[1.6392549605231432, 2.1718301340225086, 2.0168811979915637]]
[[32, 31, 10],0.030196036178235807,[2.2251407150594718, 1.1071174397746517, 0.4603188920810976]]
[[32, 31, 9],0.029854865587188837,[1.4574647280891555, 2.4300447829638308, 2.490018899611135]]
[[32, 31, 8],0.030052095609910234,[2.1201628949496865, 1.3588436970561864, 0.6948773902658649]]
[[32, 31, 7],0.02999918843633832,[2.0202273557314996, 2.004637254015587, 2.5730278697264253]]
[[32, 31, 6],0.03430347117937126,[1.9171195817420734, 1.9002461127965455, 1.5087609464018725]]
[[32, 31, 5],0.028094573737956704,[2.951134711004492, 2.7461173594530788, 0.44143575552943753]]
[[32, 31, 4],0.03837870898229734,[2.923861051437776, 2.759926246562538, 0.4828198008610766]]
[[32, 31, 3],0.03529408921679314,[2.3195940392340355, 2.239776052751046, -1.1572145239251317]]
[[32, 31, 2],0.0365434950044667,[1.899905415200832, 2.0171207740211123, 7.736090097861807]]
[[32, 31, 1],0.013376470601708103,[1.33484197179655, 1.9841607476208323, 42.68519004684802]]
[[32, 31, 0],0.013584601511567481,[1.333345542079976, 1.9982422839772433, 41.35766501165951]]
[[32, 30, 30],0.02397605818070182,[0.923850566134453, 2.8347185594807187, 66.41156476395155]]
[[32, 30, 29],0.024313465175523095,[0.9213621736649145, 2.8471619313988823, 64.81230228217312]]
[[32, 30, 28],0.03981621888231399,[2.366940602503742, 0.9341427462539367, 49.29297523646866]]
[[32, 30, 27],0.02509213991746481,[0.9162349836626992, 2.8726285581105353, 61.485463510649694]]
[[32, 30, 26],0.040797593968965276,[2.392598343864263, 0.9303882585387591, 46.62665790855316]]
[[32, 30, 25],0.04135450168087476,[2.406353337723786, 0.9284121373167994, 45.269030382426386]]
[[32, 30, 24],0.011783585297681988,[2.3976468803295985, 1.0087861708936918, 0.38890665474381325]]
[[32, 30, 23],0.02720334827761891,[0.905519767967612, 2.924693232813593, 54.276037424756126]]
[[32, 30, 22],0.027885438174327898,[0.9027779377818866, 2.9376742241797276, 52.35223732819034]]
[[32, 30, 21],0.02864746047366152,[0.9000227006959076, 2.9505473766619046, 50.37922990556409]]
[[32, 30, 20],0.029501601504540693,[0.8972598220676739, 2.9632687197051752, 48.35731807585665]]
[[32, 30, 19],0.04607836875967676,[2.5044887448124062, 0.915003219237041, 36.7061569134334]]
[[32, 30, 18],0.01873155237861615,[1.0124442696775755, 2.1772669651886587, 0.19681056357544296]]
[[32, 30, 17],0.03278038617952883,[0.8889789145178468, 3.0001341939020527, 42.00620739570025]]
[[32, 30, 16],0.013009349796415604,[2.322772248434201, 1.3485945414915739, 1.068927579121169]]
[[32, 30, 15],0.03580158962507001,[0.8835119689883777, 3.023317762157791, 37.5474028323437]]
[[32, 30, 14],0.037669546869947605,[0.8808067698796014, 3.034423092177107, 35.25568141953528]]
[[32, 30, 13],0.03984848721565328,[0.8781251537100463, 3.0451844961955543, 32.925037251410465]]
[[32, 30, 12],0.042415550776010856,[0.8754706266369937, 3.0555922456037545, 30.557540505088436]]
[[32, 30, 11],0.02239007453084777,[1.6229038959938904, 2.3125626195865507, 3.9661228043323837]]
[[32, 30, 10],0.02425258826324605,[1.6384716144872575, 1.371369482427853, 0.11918762737928668]]
[[32, 30, 9],0.026409062330274884,[1.51396787130103, 1.8255794408694355, 0.7442752910140721]]
[[32, 30, 8],0.02683047953012253,[1.720741094165862, 2.093366224129015, 1.896482891153476]]
[[32, 30, 7],0.030507843669513382,[2.1167764249528966, 1.9550041826740225, 2.842207748402557]]
[[32, 30, 6],0.034758027103796586,[1.9517005899958286, 1.9523834292742808, 1.8382939482019254]]
[[32, 30, 5],0.03172136069759633,[1.3468177661842669, 1.307706676936265, -6.2230767806357905]]
[[32, 30, 4],0.027859809246908385,[2.5667935217158573, 2.440290580567567, -0.7577865410941386]]
[[32, 30, 3],0.025509414063139717,[1.8474668259540987, 2.02030647662169, 11.774670623108017]]
[[32, 30, 2],0.036614533263967186,[1.8989018273337455, 2.0155375908021442, 7.733923011878642]]
[[32, 30, 1],0.013593544905245353,[1.3358044667424325, 1.9677657022006725, 41.99408270503244]]
[[32, 30, 0],0.014011759855204451,[1.3333586051794188, 1.9964394430984984, 40.04715773697107]]
[[32, 29, 29],0.024639883886693525,[0.922391359541966, 2.8348908512917794, 64.32107745045384]]
[[32, 29, 28],0.025006582607953444,[0.9198555961726582, 2.8477927956015283, 62.70797163483681]]
[[32, 29, 27],0.04031833727209508,[2.3793050410540584, 0.9319113335808655, 47.95471959700246]]
[[32, 29, 26],0.025855821801402952,[0.9146338597825063, 2.874169137165065, 59.35030876161518]]
[[32, 29, 25],0.02634848793906574,[0.9119578741326363, 2.8875562354632183, 57.60234047028628]]
[[32, 29, 24],0.026894628152977065,[0.909245853470639, 2.901012515750639, 55.806417524407514]]
[[32, 29, 23],0.032723445664763796,[0.628338735449049, 2.2809881264804903, -0.1993443824305014]]
[[32, 29, 22],0.0281780448702503,[0.9037375856780449, 2.9279316232374, 52.066950018799226]]
[[32, 29, 21],0.028934199439314905,[0.9009536140095393, 2.9412934450271107, 50.12239988992405]]
[[32, 29, 20],0.016738984413693654,[2.1071184523161657, 0.9633117040754434, 0.17270139177459323]]
[[32, 29, 19],0.04611885442995419,[2.5041754822388955, 0.9145491816915435, 36.695822794308064]]
[[32, 29, 18],0.03181621169160825,[0.8925547467100688, 2.980416613009199, 43.99120621144559]]
[[32, 29, 17],0.013710539127688954,[1.5479358524099203, 1.6362598071575243, 0.8954694883979495]]
[[32, 29, 16],0.03444171670491305,[0.8869718577153819, 3.0052894097129297, 39.664300293401965]]
[[32, 29, 15],0.03605005199245675,[0.8842000731161979, 3.017265317270311, 37.433162653419245]]
[[32, 29, 14],0.037911412921656715,[0.8814470794238632, 3.028902814189692, 35.15930014155615]]
[[32, 29, 13],0.02656462594412734,[2.474772038667663, 0.9691192540075262, 0.3418545992188623]]
[[32, 29, 12],0.04264430775158003,[0.876013159121541, 3.051097925841492, 30.4915068548234]]
[[32, 29, 11],0.029003397517945347,[2.1157373991245385, 1.0998900525229391, 0.6515585124257175]]
[[32, 29, 10],0.020588950064521046,[2.095930677761565, 2.283248717442904, 5.38970538920993]]
[[32, 29, 9],0.023940385986595505,[1.578828810303047, 1.9835266859682859, 0.9587403845979201]]
[[32, 29, 8],0.0329193947171299,[1.3236344098127462, 2.098144360558826, 0.7426706934367302]]
[[32, 29, 7],0.030182722851270823,[1.816201482258133, 2.058964826161762, 1.947678479818118]]
[[32, 29, 6],0.03498961354407396,[1.8787933639823686, 1.9372503186404222, 1.595310573461078]]
[[32, 29, 5],0.027841600516256455,[2.9619634708040454, 2.755076273305942, 0.43865168781248715]]
[[32, 29, 4],0.029159214260494833,[1.847349135923708, 1.7900179051556264, -2.6284313993643864]]
[[32, 29, 3],0.013737141030932858,[1.3456907037808958, 1.9512288722461706, 42.5058811518943]]
[[32, 29, 2],0.03669061514424373,[1.897832383404566, 2.013840179213446, 7.731622010739363]]
[[32, 29, 1],0.013830730513560452,[1.3368374449260587, 1.9508543433722392, 41.24820866686909]]
[[32, 29, 0],0.014467752364806779,[1.333372599160184, 1.994589799311486, 38.73512339446602]]
[[32, 28, 28],0.027640618451692463,[0.3442604172101205, 1.811308371448778, 72.43758801342742]]
[[32, 28, 27],0.025757126976701353,[0.91837800692459, 2.848356980486681, 60.58418336137034]]
[[32, 28, 26],0.04086464992765684,[2.392230600169237, 0.9295825122956166, 46.600658424178]]
[[32, 28, 25],0.026685031477605373,[0.9130534935109255, 2.8757105792039064, 57.197796824432]]
[[32, 28, 24],0.027225562946234887,[0.9103264907524852, 2.8895760267213264, 55.43371770940026]]
[[32, 28, 23],0.04270369254100757,[2.435434990800587, 0.923392171717527, 42.47529052169637]]
[[32, 28, 22],0.028496869169670088,[0.904772616214348, 2.917424568171783, 51.75725724423672]]
[[32, 28, 21],0.029246565248549794,[0.9019583878225635, 2.9312995197802727, 49.843275656168665]]
[[32, 28, 20],0.030087950320595105,[0.8991278751580556, 2.9450701003723303, 47.878357838185615]]
[[32, 28, 19],0.03103576508934996,[0.8962874281578679, 2.9586850862872938, 45.86266995454386]]
[[32, 28, 18],0.0472874604798364,[2.523238016502575, 0.911534424519985, 35.17543483693809]]
[[32, 28, 17],0.03332652372181183,[0.890600998670801, 2.985261085915665, 41.681574920352176]]
[[32, 28, 16],0.03085403641926778,[2.0316683758507468, 0.8203764786485678, 0.5301385531768519]]
[[32, 28, 15],0.027830010538406506,[0.3490223728447742, 1.9184071388289057, 49.51042799692088]]
[[32, 28, 14],0.01860758923096119,[2.2326713343548272, 1.1514069773398687, 0.31054710855325035]]
[[32, 28, 13],0.04033902364922129,[0.8793564178933958, 3.0347625739346973, 32.75723954095475]]
[[32, 28, 12],0.04289226627439961,[0.8765994420780955, 3.0462259326570775, 30.419643209695685]]
[[32, 28, 11],0.02671922436567953,[1.8369542077944814, 1.243628582246146, 0.7038680159300381]]
[[32, 28, 10],0.022266558286378798,[1.6000354366739318, 1.464807781280998, 0.10869721481190152]]
[[32, 28, 9],0.023123798433916553,[1.9335040007428492, 2.12971116612862, 3.4060882697209074]]
[[32, 28, 8],0.029311958081666464,[1.784403653980225, 2.17433911867696, 3.161156093689332]]
[[32, 28, 7],0.03032642399427786,[2.0641345692475923, 2.0118496899892646, 2.8599985370681495]]
[[32, 28, 6],0.03340510198514578,[1.6667377129727268, 1.7388208514020802, 0.43882764135867414]]
[[32, 28, 5],0.03165505091645638,[1.346547933102106, 1.3088256845395885, -6.21853219964099]]
[[32, 28, 4],0.029113223267612547,[1.8457576035055807, 1.7892962849299734, -2.6347383111418234]]
[[32, 28, 3],0.025676463439880018,[1.8443708570064163, 2.0145749315790686, 11.765440910269911]]
[[32, 28, 2],0.03677229735978046,[1.896690379049202, 2.012015728656048, 7.729174579162725]]
[[32, 28, 1],0.014090351629580755,[1.3379449166007893, 1.9334760753254712, 40.445769832373266]]
[[32, 28, 0],0.014955644783104067,[1.3333876151766224, 1.992691600368451, 37.421540785655324]]
[[32, 27, 27],0.026136175928142786,[0.9195707014615685, 2.8349437571494716, 60.08024564673759]]
[[32, 27, 26],0.026571308418978697,[0.9169281821629616, 2.848865261602175, 58.442977310205585]]
[[32, 27, 25],0.027052918432032433,[0.9142332720010227, 2.862991112334065, 56.76011521190736]]
[[32, 27, 24],0.04207250299095202,[2.4201169835129184, 0.9250784662956699, 43.85539603938702]]
[[32, 27, 23],0.02818190322601684,[0.9087083720447191, 2.8916527984144356, 53.25034390540153]]
[[32, 27, 22],0.028845344073145707,[0.9058906231589553, 2.9060781553243764, 51.42051162103943]]
[[32, 27, 21],0.02958792686642649,[0.9030447329962836, 2.9204893870905115, 49.539337880900604]]
[[32, 27, 20],0.045199743579117,[2.485130796789273, 0.9160378609623698, 38.155819166267364]]
[[32, 27, 19],0.03136210831519884,[0.897295613812004, 2.949037317085133, 45.62119756331349]]
[[32, 27, 18],0.032426450696244544,[0.894405819777935, 2.963062733340949, 43.58439368676599]]
[[32, 27, 17],0.015115794599159026,[3.487249076437465, 1.237895379910867, 0.09549743740621336]]
[[32, 27, 16],0.03502139212616912,[0.8886277329873802, 2.9903663651156673, 39.35880684688095]]
[[32, 27, 15],0.03661421223673915,[0.8857512098997207, 3.0035600228919175, 37.172543765270014]]
[[32, 27, 14],0.03846000710571841,[0.8828902382252749, 3.016401905094512, 34.9395071394526]]
[[32, 27, 13],0.022582194469987153,[2.2004682078170488, 1.0983247222764507, 0.4257448861451074]]
[[32, 27, 12],0.019296985737321883,[2.3728216287720416, 2.3058654025277385, 9.99681600021584]]
[[32, 27, 11],0.0191340037338274,[1.5183978354684073, 2.0713598427200006, 0.8788147888535842]]
[[32, 27, 10],0.019301941864639047,[2.106552815342931, 2.007088847250731, 3.6280481469475534]]
[[32, 27, 9],0.023991851727007327,[1.4951966485321384, 2.257859161562905, 1.0571097626120889]]
[[32, 27, 8],0.030543763863459722,[1.9827554907104639, 1.3829012001140957, 0.6624700391850249]]
[[32, 27, 7],0.03070984863287346,[1.7681863508986067, 1.9220432450227103, 1.4579375811563937]]
[[32, 27, 6],0.03460723521364668,[1.9271356540127798, 1.9144102281051358, 1.6475023256552843]]
[[32, 27, 5],0.0316188091043731,[1.3463933776209882, 1.309445282090428, -6.216040841766421]]
[[32, 27, 4],0.037773792695656366,[2.9420390545593302, 2.7745706323933823, 0.47780332303612205]]
[[32, 27, 3],0.0257698588601877,[1.842655436581484, 2.0113667449350827, 11.760436502088934]]
[[32, 27, 2],0.03686022165994183,[1.8954681672054405, 2.0100494412560046, 7.726566649246728]]
[[32, 27, 1],0.014375034596711038,[1.3391311280038516, 1.9156890611034108, 39.58557388766359]]
[[32, 27, 0],0.01547895566935034,[1.3334037539954933, 1.9907430003703896, 36.10638986394223]]
[[32, 26, 26],0.026980977752703583,[0.9182077997897011, 2.834838287215868, 57.93399659309655]]
[[32, 26, 25],0.027456313008006415,[0.9155045484725036, 2.849329217546559, 56.286265718025135]]
[[32, 26, 24],0.04211295605374107,[2.4198936052973608, 0.9246090357651625, 43.8410369612271]]
[[32, 26, 23],0.028571518245443815,[0.9099445419562754, 2.8788724621156088, 52.84795044255534]]
[[32, 26, 22],0.011925422062594563,[2.4410607212763633, 1.1043607284423396, 1.4583376268540686]]
[[32, 26, 21],0.020598439418914014,[2.3475905414195957, 0.892523281355911, 2.4000471868759945]]
[[32, 26, 20],0.030788058235277454,[0.9013153575785614, 2.9237137632629078, 47.30900902616733]]
[[32, 26, 19],0.03171978612878466,[0.8983896387390788, 2.9385514616196597, 45.35702793817636]]
[[32, 26, 18],0.047383651098905785,[2.522514165000379, 0.9104918172585618, 35.15224246534597]]
[[32, 26, 17],0.03397710891542539,[0.8925071678779933, 2.9676951134408815, 41.29379723098417]]
[[32, 26, 16],0.03535239816874294,[0.889564193696478, 2.9818905374511364, 39.1838531268306]]
[[32, 26, 15],0.036936057607348555,[0.8866286944677171, 2.995770505915682, 37.02325190315733]]
[[32, 26, 14],0.03877264007934652,[0.8837066677385466, 3.0092947308404874, 34.81361972100671]]
[[32, 26, 13],0.04092024409425067,[0.8808037702889498, 3.0224298243607994, 32.55687996621212]]
[[32, 26, 12],0.020087602134122407,[2.262816214053832, 1.2710309039797647, 0.7561458165512135]]
[[32, 26, 11],0.02039666645101103,[1.6306751839886688, 2.4350487307013626, 3.389253655462296]]
[[32, 26, 10],0.02414077043874959,[1.2874348746765432, 2.397968374011095, 0.5212810808984492]]
[[32, 26, 9],0.022320457782065345,[1.7247500729808205, 2.0533582371853374, 1.603436275777358]]
[[32, 26, 8],0.02758588815404587,[1.694281111630059, 2.1609825994928102, 2.1638023265750395]]
[[32, 26, 7],0.030606338574371707,[2.100138384108932, 2.0531381083372717, 3.222732138005636]]
[[32, 26, 6],0.03456627747727838,[2.0642061030433374, 1.6309539943990428, 1.0524508586111045]]
[[32, 26, 5],0.027406433478757847,[2.980273969027919, 2.7709423811181653, 0.4340286126620154]]
[[32, 26, 4],0.027482700749735228,[2.592387191855705, 2.463835999905364, -0.7389879277615442]]
[[32, 26, 3],0.02587091376586989,[1.8408115666827032, 2.0078923985536252, 11.755147964534828]]
[[32, 26, 2],0.036955131703923824,[1.894156986028428, 2.0079241309963556, 7.723782367303578]]
[[32, 26, 1],0.014687757649673215,[1.3404007400489584, 1.8975583412068528, 38.66710989601614]]
[[32, 26, 0],0.01604174334577906,[1.3334211299424954, 1.9887420731300796, 34.78965160553347]]
[[32, 25, 25],0.027900079898162247,[0.916875082589129, 2.83465454494423, 55.77304875505866]]
[[32, 25, 24],0.02842050521959861,[0.9141052331578976, 2.8497611761607073, 54.115823943597434]]
[[32, 25, 23],0.02900023848623812,[0.911281339809213, 2.8650750431559167, 52.410096746264216]]
[[32, 25, 22],0.029647995470235666,[0.9084097041414162, 2.880535554326053, 50.653865055510025]]
[[32, 25, 21],0.0443876120536806,[2.4670616333702178, 0.9173896072638265, 39.58646136153668]]
[[32, 25, 20],0.031190907496640365,[0.9025511894039665, 2.91163290264241, 46.983560868809235]]
[[32, 25, 19],0.03211325134167438,[0.8995792640994111, 2.9271322388959673, 45.06734327890106]]
[[32, 25, 18],0.033159196411101884,[0.8965891716018844, 2.9425069469756022, 43.096419085418844]]
[[32, 25, 17],0.034350936007969526,[0.8935885996931313, 2.9576910510244643, 41.07090111640655]]
[[32, 25, 16],0.03416670532975019,[2.222576591194053, 0.7341181331525723, 0.14850815132051967]]
[[32, 25, 15],0.03728945676110244,[0.8875856450921965, 2.987247040980611, 36.85894720654797]]
[[32, 25, 14],0.03911567601162051,[0.8845972139107411, 3.001514498884652, 34.675057030897754]]
[[32, 25, 13],0.041252894810074346,[0.8816261661037599, 3.015384192248405, 32.44156478851067]]
[[32, 25, 12],0.022428231422500805,[2.3292926099389213, 1.1657642084642645, 0.6259412393977613]]
[[32, 25, 11],0.02022844636949825,[1.5478010560321678, 2.2175050476758145, 2.104940178948113]]
[[32, 25, 10],0.021919668219998054,[1.4412284366068988, 2.0603355695860888, 0.5628885917471657]]
[[32, 25, 9],0.025374442074085225,[1.4225619745147138, 2.0823219990241366, 0.6594220028600237]]
[[32, 25, 8],0.025021967044296642,[2.0476499719187617, 1.8155520589995466, 1.9538242428282468]]
[[32, 25, 7],0.03135534122926198,[1.5449119307168773, 2.0213138677705893, 0.8552455568701239]]
[[32, 25, 6],0.03417017390812395,[1.936943997132088, 1.938376478133378, 1.7075965613906006]]
[[32, 25, 5],0.03153912821754586,[1.3460359285849783, 1.310827497620237, -6.210544535084508]]
[[32, 25, 4],0.028956814308799837,[1.843664405304244, 1.7855980032562442, -2.64972865427331]]
[[32, 25, 3],0.025980610343038918,[1.8388241278019755, 2.0041173270618353, 11.74955621640785]]
[[32, 25, 2],0.03705789411922161,[1.8927467478648714, 2.005619722375612, 7.7208038212154655]]
[[32, 25, 1],0.015031913484028511,[1.3417590830354726, 1.8791533549974473, 37.69058529197759]]
[[32, 25, 0],0.016648713687383097,[1.3334398759053543, 1.986686780435934, 33.47130810544121]]
[[32, 24, 24],0.04220092046864663,[2.419446484358164, 0.9236017109361194, 43.80944364515919]]
[[32, 24, 23],0.029473681584497553,[0.912728093901536, 2.8501742272807, 51.93328720724863]]
[[32, 24, 22],0.04361798632182821,[2.4502074731766394, 0.9191698677054659, 41.005107138798074]]
[[32, 24, 21],0.011638313600574938,[2.3330757947985545, 1.1185642549819477, 0.34033335028525]]
[[32, 24, 20],0.031635857663165054,[0.903895677178729, 2.898482117692849, 46.62658208955853]]
[[32, 24, 19],0.03254778288428102,[0.9008754318218832, 2.914673500436995, 44.748954124970645]]
[[32, 24, 18],0.03358292596807705,[0.8978306658608132, 2.9307831038993295, 42.8152345903012]]
[[32, 24, 17],0.03476353918511339,[0.8947697565373391, 2.946735923745965, 40.825150405936746]]
[[32, 24, 16],0.036117298292399555,[0.8917009933440657, 2.962460534260948, 38.7789669544119]]
[[32, 24, 15],0.037679098295315294,[0.8886324172074676, 2.9778910214655823, 36.677477269009245]]
[[32, 24, 14],0.039493621926023965,[0.8855717205607814, 2.992968598529034, 34.521967546742445]]
[[32, 24, 13],0.041619095283797175,[0.8825262227521817, 3.007642649267129, 32.314163052214994]]
[[32, 24, 12],0.04413291921456545,[0.879502975493684, 3.021871203720759, 30.056159002603028]]
[[32, 24, 11],0.025294823154320502,[2.335226575599233, 1.2217041137793136, 1.373454309546797]]
[[32, 24, 10],0.020436911434763626,[2.2496649462947693, 1.4275385954369775, 0.7031068596772815]]
[[32, 24, 9],0.031845675797794994,[2.151936849670755, 1.1495837083584832, 0.4176024708172152]]
[[32, 24, 8],0.026949011224584624,[1.5456513615191705, 2.0518915242904345, 0.9108479412639566]]
[[32, 24, 7],0.030484688669779655,[1.9771531300373968, 1.594327894826809, 0.9294360666617846]]
[[32, 24, 6],0.03467945333681288,[1.9024498842821147, 1.9293812215857817, 1.6472543113512375]]
[[32, 24, 5],0.031495195353450973,[1.3458284426271707, 1.3116013884801707, -6.20750291426798]]
[[32, 24, 4],0.0272538361236218,[2.607436346187283, 2.478015680298192, -0.7283931595893787]]
[[32, 24, 3],0.015207460564542054,[1.3603567531654772, 1.8599621791380723, 38.01743711424584]]
[[32, 24, 2],0.03716952500522426,[1.8912257777702246, 2.0031126165595063, 7.71761072914336]]
[[32, 24, 1],0.015411388687686958,[1.343212486340883, 1.8605450518915112, 36.656922910076766]]
[[32, 24, 0],0.035939922394130575,[1.9260443802006073, 1.9640823375059342, 8.314433457066794]]
[[32, 23, 23],0.029998490090193595,[0.914294678800883, 2.8340814664767677, 51.41381645236353]]
[[32, 23, 22],0.03062739155936221,[0.9113707391074839, 2.8505823058322366, 49.740150736037705]]
[[32, 23, 21],0.031333534960475376,[0.9083901852278371, 2.867296678088786, 48.01438878760076]]
[[32, 23, 20],0.03212931618901564,[0.9053606254058255, 2.8841488654875036, 46.23435060380095]]
[[32, 23, 19],0.033029672244701457,[0.9022903537374268, 2.901057821608033, 44.39826760080158]]
[[32, 23, 18],0.04755093698440741,[2.5213444324240766, 0.9087173868752556, 35.11123385372454]]
[[32, 23, 17],0.03522091537252855,[0.8960631344015886, 2.9347091351454724, 40.5533965359467]]
[[32, 23, 16],0.03656186942463658,[0.8929244148803862, 2.951284494918882, 38.543731566561476]]
[[32, 23, 15],0.013752401903846176,[1.4499083112021491, 1.9798452289588526, 55.36835113643722]]
[[32, 23, 14],0.031255022129710215,[0.9334534561138152, 2.1720064408464803, 1.0884604656513426]]
[[32, 23, 13],0.016666896870045456,[4.79602901260647, 0.37166351374987805, 27.21595118861977]]
[[32, 23, 12],0.030032157285803683,[1.9974194549666462, 1.0412756292377097, 0.7979010668498655]]
[[32, 23, 11],0.021736232568123647,[2.196545234326262, 1.2818715741893032, 0.5911557177892107]]
[[32, 23, 10],0.03721774299495641,[2.029033928108076, 1.0179266375568055, 0.6010051805728543]]
[[32, 23, 9],0.0246020846685009,[1.5741614432454911, 2.0747952207251807, 1.4750280805918219]]
[[32, 23, 8],0.028138063398239613,[2.2736257257257293, 1.7071490205231648, 2.898652210415252]]
[[32, 23, 7],0.0303023340198841,[1.693928403221542, 2.0513397216695064, 1.4508184112436644]]
[[32, 23, 6],0.03259295000589957,[1.723623679517363, 1.7168791227184586, 0.46762313511360226]]
[[32, 23, 5],0.026887954891987486,[3.0014718871157227, 2.790577710750924, 0.4288123071765989]]
[[32, 23, 4],0.027126799539582438,[2.6156342836960795, 2.48585844084608, -0.722756627317513]]
[[32, 23, 3],0.03459942298700268,[2.377809904649577, 2.2954664115949, -1.0772951601037246]]
[[32, 23, 2],0.03729122359840029,[1.889580487895102, 2.0003748859031885, 7.714180068715055]]
[[32, 23, 1],0.0158306652480598,[1.3447686897669782, 1.8418028331450502, 35.56771697578985]]
[[32, 23, 0],0.018018106976681932,[1.333482110093161, 1.9824044602875437, 30.82974125071903]]
[[32, 22, 22],0.03120069153865438,[0.9130438678229613, 2.833706476430799, 49.218569752358064]]
[[32, 22, 21],0.02017891882056453,[1.8479936672988713, 2.6168158353846653, 22.802380688671924]]
[[32, 22, 20],0.03267894473066591,[0.9069589421122017, 2.8685122423098566, 45.802768933928874]]
[[32, 22, 19],0.030145563941003164,[0.7471401785813855, 2.328595932922132, 0.4286271445049416]]
[[32, 22, 18],0.034576108728590946,[0.9006756522736067, 2.903841994224131, 42.16143588950744]]
[[32, 22, 17],0.03573028093566489,[0.8974829458467761, 2.921474085840814, 40.25201639524228]]
[[32, 22, 16],0.03705680846181365,[0.8942694995542354, 2.9389585614365976, 38.28235987777375]]
[[32, 22, 15],0.038590760195558335,[0.8910453971752079, 2.9562044269741903, 36.25247628862322]]
[[32, 22, 14],0.04037700321461312,[0.8878205455505462, 2.9731269545102847, 34.163032640668895]]
[[32, 22, 13],0.02713764227316946,[2.4316406269961703, 0.9467896929802158, 0.2631314804769597]]
[[32, 22, 12],0.020847877996796906,[2.000105332701125, 1.2188766785452942, 0.20044407055270105]]
[[32, 22, 11],0.01888096458234581,[2.215066023691355, 1.5028583965078803, 1.506720881527066]]
[[32, 22, 10],0.02087498501789949,[1.5411458713535624, 2.0549777274455727, 0.9282532516206224]]
[[32, 22, 9],0.02992555488714159,[2.3851245561849033, 2.3977014477645087, 8.850632406832963]]
[[32, 22, 8],0.027098092503837712,[1.505046080546532, 2.0369365320216026, 0.7340569863684978]]
[[32, 22, 7],0.02984631410824973,[1.7845679196423856, 2.187574307874068, 2.149837117450853]]
[[32, 22, 6],0.034965136096852284,[2.047731588629122, 1.9400885487821502, 2.1939830910798706]]
[[32, 22, 5],0.031397636751401205,[1.3453411513572515, 1.3133500608278181, -6.200719806187594]]
[[32, 22, 4],0.02876708680176577,[1.8350510147426495, 1.7858599729008764, -2.6728637411003255]]
[[32, 22, 3],0.02637426148835998,[1.8318081727855056, 1.9905387991076604, 11.730776807763219]]
[[32, 22, 2],0.016167901672207163,[1.356538506520451, 1.8216541550302907, 35.15685514090123]]
[[32, 22, 1],0.01629495093127365,[1.3464373421167566, 1.822991580254981, 34.42515370056908]]
[[32, 22, 0],0.018794578469061855,[1.333505980896081, 1.980172829728371, 29.50649014940046]]
[[32, 21, 21],0.04460700283907427,[2.465837461633385, 0.9150010945210242, 39.519448579119825]]
[[32, 21, 20],0.04552197194399631,[2.4831405650600997, 0.91254235553344, 38.0643005325739]]
[[32, 21, 19],0.04654091097626009,[2.5013448584741225, 0.9099986056662773, 36.58462119983792]]
[[32, 21, 18],0.027155866706589215,[2.243148624175369, 0.9661162376026279, 4.597626677648625]]
[[32, 21, 17],0.048965323779774805,[2.540704619630214, 0.9046454320477704, 33.54444662003881]]
[[32, 21, 16],0.037610627983257226,[0.8957525360415803, 2.925326867019954, 37.99099004112274]]
[[32, 21, 15],0.023411686118942378,[2.6638722013360923, 1.0421426864377268, 2.1197279146083225]]
[[32, 21, 14],0.0408969313544645,[0.889124072063661, 2.961554336257036, 33.95149329822719]]
[[32, 21, 13],0.02177183422149144,[2.262863085937843, 1.1207053275107546, 0.5621146539816984]]
[[32, 21, 12],0.024040257814002427,[2.297705405167932, 1.129374684811392, 0.7337335377820642]]
[[32, 21, 11],0.019256010688801308,[1.6380646261049638, 1.9950166358531989, 1.8458011305136357]]
[[32, 21, 10],0.019422954939143176,[1.7603771577417415, 2.108336478801928, 2.132416665437724]]
[[32, 21, 9],0.024608798105787415,[2.193905290504313, 1.518866875142937, 1.6455364943834507]]
[[32, 21, 8],0.028542734419229738,[2.1380432661467568, 2.245854978095361, 5.161189970484281]]
[[32, 21, 7],0.03077626660217002,[1.9654854331362652, 2.1758636425497917, 3.1826717723023714]]
[[32, 21, 6],0.03306789009117618,[1.666647689130825, 1.848216470635, 0.6095466804138845]]
[[32, 21, 5],0.03134326890328231,[1.3450536567596763, 1.3143427026392775, -6.1969222363167535]]
[[32, 21, 4],0.026842696760631897,[2.6335685745282507, 2.5033398631564774, -0.7107421884403429]]
[[32, 21, 3],0.016496912274091776,[1.3725779647128376, 1.8018890734180737, 34.64058070695398]]
[[32, 21, 2],0.03757080850172987,[1.8858504630063573, 1.9940676386771823, 7.706497745066207]]
[[32, 21, 1],0.016810347555938847,[1.3482306022918311, 1.8041689782431227, 33.23190597897432]]
[[32, 21, 0],0.019643823510074977,[1.3335319977290296, 1.977877628562973, 28.181578876472898]]
[[32, 20, 20],0.03398548994598224,[0.91061243244938, 2.832814131960211, 44.80342139549577]]
[[32, 20, 19],0.03484300683598845,[0.907389723735272, 2.851932815788666, 43.11007861009929]]
[[32, 20, 18],0.03582095054302867,[0.9041047218838558, 2.871281175263761, 41.357531407782865]]
[[32, 20, 17],0.04904055129444302,[2.5402290688449622, 0.903893318551795, 33.52685805857619]]
[[32, 20, 16],0.03823373198854572,[0.8973921338351377, 2.9102123515449874, 37.66515374353432]]
[[32, 20, 15],0.031624144744082955,[2.201816414999093, 0.7977177506250596, 0.16086997017145577]]
[[32, 20, 14],0.029035029435836246,[2.320045011140477, 0.887239488870396, 0.3856016514453798]]
[[32, 20, 13],0.04354107430350548,[0.8871508017395474, 2.967401048746408, 31.640672724619062]]
[[32, 20, 12],0.01632793182633111,[1.7517529503078204, 2.2201109308958924, 3.3204227735110816]]
[[32, 20, 11],0.01860954385733436,[1.7392061715878036, 2.3708943548337613, 3.6671749430872103]]
[[32, 20, 10],0.020667581079507127,[2.1431568712552287, 1.483930981810648, 0.9537506455401803]]
[[32, 20, 9],0.028412722831578006,[2.1248366415364575, 1.240433823965088, 0.45481647789538543]]
[[32, 20, 8],0.03314151083075779,[2.455886492966141, 1.754239309946194, 4.742959799117434]]
[[32, 20, 7],0.030463874182120616,[1.8689817548553398, 2.0935902619423237, 2.4674318419235988]]
[[32, 20, 6],0.034585929433953604,[1.9692278730028276, 1.9798219379514943, 2.0463016386996955]]
[[32, 20, 5],0.026261121287242964,[3.0260264218055415, 2.8153333630775963, 0.4229605540511089]]
[[32, 20, 4],0.026683258280823578,[2.6433917030610523, 2.513121880477413, -0.7043382845663925]]
[[32, 20, 3],0.034208836126409535,[2.4071479054816756, 2.324175426536285, -1.0409088771857582]]
[[32, 20, 2],0.03773246647267126,[1.8837247083088833, 1.9904095764836323, 7.7021824085098]]
[[32, 20, 1],0.017384069405242973,[1.3501638660915949, 1.7853832621529575, 31.9910139641644]]
[[32, 20, 0],0.020576703110528494,[1.333560450005737, 1.9755162054068223, 26.854999088240735]]
