[[33, 33, 33],0.03705344126948021,[2.3223128325530666, 0.9415847737841593, 56.184360413911335]]
[[33, 33, 32],0.02237047742003946,[0.9245383625016567, 2.845307301513971, 71.15830588193512]]
[[33, 33, 31],0.022664235570043993,[0.9221601455653032, 2.8567622597627955, 69.55209363194106]]
[[33, 33, 30],0.0380979008394194,[2.3541838993189885, 0.9367816123219239, 52.33278268808896]]
[[33, 33, 29],0.038501139029585754,[2.365763814509775, 0.9350720336243192, 51.02316282712257]]
[[33, 33, 28],0.012809111370692653,[1.466117737808631, 0.9855059362970683, 0.009218918490725779]]
[[33, 33, 27],0.02414626429336151,[0.9122340997802583, 2.903932495319958, 62.705447868163404]]
[[33, 33, 26],0.013184894155152744,[1.151632048450569, 2.264900718019289, 5.875103290736192]]
[[33, 33, 25],0.032607700836735476,[2.4672265549033945, 0.568840860607931, -0.14815451031714955]]
[[33, 33, 24],0.04109261742792921,[2.432158748121213, 0.9256149638570776, 44.24403907055558]]
[[33, 33, 23],0.028781345099181264,[0.8594163997661555, 2.219864546078846, 5.840750459468213]]
[[33, 33, 22],0.02702812603772991,[0.8992553173877788, 2.96313439807197, 53.1245602304151]]
[[33, 33, 21],0.0278094297527002,[0.8966336056264227, 2.9746302091226715, 51.069797224567296]]
[[33, 33, 20],0.0286831966576214,[0.8940142025872876, 2.9859339304805577, 48.9701875975455]]
[[33, 33, 19],0.02966402048512848,[0.8914012294802862, 2.997018650955104, 46.82683765951485]]
[[33, 33, 18],0.030769677889773795,[0.8887984469731913, 3.0078611695776334, 44.64106862140437]]
[[33, 33, 17],0.03202206661237168,[0.8862092487199476, 3.0184420796047364, 42.41438191004565]]
[[33, 33, 16],0.03344849574548501,[0.8836366789000815, 3.028745733442884, 40.14842261296402]]
[[33, 33, 15],0.012246488417893928,[2.1863905838776674, 2.1150166940805857, 6.873065272808755]]
[[33, 33, 14],0.0140857676188398,[1.626495312767535, 2.140419406243879, 1.8699922937979294]]
[[33, 33, 13],0.015134122484229287,[2.309367090755532, 1.7966444767197274, 4.610525298086274]]
[[33, 33, 12],0.015296339775207635,[2.0765880831475108, 1.763103036879213, 1.9165281462087143]]
[[33, 33, 11],0.021098074982777205,[1.3464867903808162, 2.2396839524468968, 0.4986303571056462]]
[[33, 33, 10],0.021350175399554503,[1.7057173456296073, 2.3105182373605757, 2.8278468626918505]]
[[33, 33, 9],0.024232285156589296,[1.6990790356226197, 2.2215905856269944, 2.433995715179077]]
[[33, 33, 8],0.028118289445694583,[1.9334905277891477, 1.3682813122916768, 0.2727541102459156]]
[[33, 33, 7],0.03123366778007868,[1.4902258265499702, 1.9441350927235517, 0.48019145399690244]]
[[33, 33, 6],0.025309134582110603,[1.3746206672021963, 1.3268116845705695, -7.313446543161869]]
[[33, 33, 5],0.031874185848189455,[1.346969010468999, 1.3077373891055812, -6.22236217737738]]
[[33, 33, 4],0.038725643621554416,[2.912287507410481, 2.7547206372279174, 0.4854346422449438]]
[[33, 33, 3],0.03547899577060513,[2.3052132474606224, 2.228606411429358, -1.176744171690189]]
[[33, 33, 2],0.03264007269043158,[1.5437896356551384, 1.4898516417306964, 0.41633669389592354]]
[[33, 33, 1],0.012778477138616129,[1.333896217864499, 2.000000064711032, 44.65838205132804]]
[[33, 33, 0],0.012784090909093992,[1.3333333335398878, 1.9999999997252385, 43.999999999113136]]
[[33, 32, 32],0.03740135313837483,[2.3323725733147636, 0.939716770123756, 54.900073693323]]
[[33, 32, 31],0.022927598023402575,[0.9230210921889223, 2.8460615117540784, 69.10002200161013]]
[[33, 32, 30],0.023245880736588433,[0.9206040632052698, 2.8578931854455547, 67.47709694344026]]
[[33, 32, 29],0.023594423874894185,[0.9181420097746815, 2.8698894534225663, 65.81259883498444]]
[[33, 32, 28],0.023976790283194344,[0.915639226640374, 2.882014837564322, 64.10499402427493]]
[[33, 32, 27],0.039437231715552475,[2.390351659347506, 0.9311269681293478, 48.34914130070353]]
[[33, 32, 26],0.03995116455738016,[2.403582101843362, 0.9292311544234442, 46.99458679262209]]
[[33, 32, 25],0.012927176549182488,[0.8572110314367989, 1.890690418356986, 75.25278168493557]]
[[33, 32, 24],0.025935652968049023,[0.9053175924861768, 2.9310243296129594, 56.82067576695507]]
[[33, 32, 23],0.02063355945702292,[2.2914562602042525, 0.7640046027573121, 0.11679416336646682]]
[[33, 32, 22],0.02725870645603977,[0.9000427488613508, 2.9552651507048266, 52.89789056013056]]
[[33, 32, 21],0.028035493581465273,[0.8973948576407726, 2.9671827374227155, 50.866391363083935]]
[[33, 32, 20],0.028904628828583107,[0.8947464241045134, 2.9789187606144485, 48.788984343218374]]
[[33, 32, 19],0.04525467659971135,[2.5158781009759825, 0.9140115089471017, 36.97013407867337]]
[[33, 32, 18],0.046381251355997945,[2.535295313233424, 0.9115258812387514, 35.443923584579984]]
[[33, 32, 17],0.032229127638528685,[0.8868407658098922, 3.0127501172059783, 42.29219535956254]]
[[33, 32, 16],0.033650679233553984,[0.8842312862180252, 3.0234920721740033, 40.04311749653072]]
[[33, 32, 15],0.021675369656524286,[2.473427059974312, 1.396605202455636, 7.139037977439252]]
[[33, 32, 14],0.0371637958993406,[0.8790699845349814, 3.0440773453494567, 35.429868708451906]]
[[33, 32, 13],0.039357601782748594,[0.876523722256598, 3.0539013550666123, 33.06941648668218]]
[[33, 32, 12],0.020655303457432606,[2.3300218509356596, 2.427031337850044, 10.827873209376804]]
[[33, 32, 11],0.020629944519882797,[1.7229834263535637, 2.3137213765324764, 4.022444670251849]]
[[33, 32, 10],0.030029264601120677,[1.2056795021456939, 2.266431165653673, 0.9697661677992802]]
[[33, 32, 9],0.02235722111429196,[2.0475566086186086, 2.089977321853561, 3.5061191952357644]]
[[33, 32, 8],0.028992165473211682,[1.6742291159207328, 2.1941491704663214, 2.3790040565508135]]
[[33, 32, 7],0.030537126436380888,[1.8326933141199435, 2.062047725377976, 2.0630378867498944]]
[[33, 32, 6],0.03491215606159096,[2.271279086456947, 1.6049653338109056, 1.336813061498764]]
[[33, 32, 5],0.03184689542833679,[1.3468689862655983, 1.3081851018845407, -6.220505424015321]]
[[33, 32, 4],0.03860119499986657,[2.916046747910534, 2.7576183363664555, 0.4843763497680753]]
[[33, 32, 3],0.012906830312429143,[1.3408242544671112, 1.9848402451794827, 45.24271980959362]]
[[33, 32, 2],0.03640448924766737,[1.902888447352808, 2.0167338390907914, 7.737768226554588]]
[[33, 32, 1],0.012969903251631467,[1.3436605254795908, 1.9957145330204027, 43.19197853097889]]
[[33, 32, 0],0.013160813833437146,[1.3333448167381832, 1.998296172001519, 42.691009643153656]]
[[33, 31, 31],0.03777558843128601,[2.34285509461102, 0.9377723137869887, 53.60366655018299]]
[[33, 31, 30],0.023527672829020158,[0.9215323022379893, 2.8467346994333136, 67.01853827591533]]
[[33, 31, 29],0.014506450395567624,[2.3337011671153305, 0.7911724175965279, 0.1593516684867274]]
[[33, 31, 28],0.024251755109235586,[0.9165709983392745, 2.871359922675598, 63.699093915364195]]
[[33, 31, 27],0.024668248708446066,[0.9140278932307131, 2.883874757272705, 61.974127246508665]]
[[33, 31, 26],0.025127079626388053,[0.9114494960553592, 2.8964711565346364, 60.20385477325227]]
[[33, 31, 25],0.025633645580787887,[0.9088409305975099, 2.9091067644919346, 58.38722940178604]]
[[33, 31, 24],0.02619420871049466,[0.9062075083457066, 2.921738289358188, 56.52348950955652]]
[[33, 31, 23],0.026816078383301314,[0.9035546311731165, 2.9343224175628126, 54.612181659718445]]
[[33, 31, 22],0.027507844629575107,[0.9008876918094116, 2.9468167381322963, 52.65317391257884]]
[[33, 31, 21],0.04337991548482857,[2.479566480074351, 0.9183248047772202, 39.93394461787179]]
[[33, 31, 20],0.029143728511623605,[0.8955325841598109, 2.971376069122273, 48.59314733928641]]
[[33, 31, 19],0.030114630897758923,[0.8928543393542748, 2.983368292361495, 46.49344971183536]]
[[33, 31, 18],0.031210209030699113,[0.8901817497873987, 2.9951263236355214, 44.34865214098619]]
[[33, 31, 17],0.03245240667086784,[0.887518966878103, 3.0066233100205286, 42.16008330002745]]
[[33, 31, 16],0.03386857797414995,[0.8848697812056486, 3.0178366816719175, 39.92927743646254]]
[[33, 31, 15],0.03549329255652703,[0.8822376485070006, 3.0287481295098813, 37.65793468770949]]
[[33, 31, 14],0.037370913114685676,[0.8796257556980713, 3.0393434210005, 35.34788077702716]]
[[33, 31, 13],0.03955935953517361,[0.8770371497155686, 3.0496120442331947, 33.00102787097079]]
[[33, 31, 12],0.04213574772378763,[0.8744749568189263, 3.059546683251504, 30.61933807427216]]
[[33, 31, 11],0.021232997231401516,[1.3810577217660736, 2.1108491094896022, -0.46707257865937823]]
[[33, 31, 10],0.02093390354433377,[2.192353626227013, 2.1287355597598374, 5.349417522388661]]
[[33, 31, 9],0.022988679843835944,[2.085948110287584, 1.5449733131515855, 0.9161688295665351]]
[[33, 31, 8],0.02999210773692456,[2.275664299472092, 2.2309380908458523, 5.843228044920399]]
[[33, 31, 7],0.03033441083193615,[2.0258004961933245, 2.0288023789431016, 2.735398358446221]]
[[33, 31, 6],0.032186909346696116,[1.6531257712558858, 1.6148260885511985, 0.24878362246201202]]
[[33, 31, 5],0.03181809862596124,[1.3467603942104438, 1.3086609677980658, -6.218542962872434]]
[[33, 31, 4],0.028007780039954914,[2.557112626071912, 2.4351699415391796, -0.7636161142299669]]
[[33, 31, 3],0.013098265151018154,[1.3428023745291668, 1.9690621573864822, 44.570849098574534]]
[[33, 31, 2],0.03647095913712306,[1.9019385775272348, 2.0152550285334874, 7.735719241975459]]
[[33, 31, 1],0.013169601393425033,[1.3356598286949077, 1.9687714751264576, 43.32774688544318]]
[[33, 31, 0],0.018780581098296577,[1.6753018412393983, 1.9861350136655105, 18.285060827371986]]
[[33, 30, 30],0.0238331614902835,[0.9225256731466541, 2.8348680521266574, 66.52713743032754]]
[[33, 30, 29],0.03858420393933676,[2.365323070993764, 0.9340175420956303, 50.98556437307045]]
[[33, 30, 28],0.039022248724477834,[2.377385964261599, 0.9322297575802432, 49.66253961354288]]
[[33, 30, 27],0.036588450112502065,[0.9351867742666728, 2.3249919592266446, 14.382900686365055]]
[[33, 30, 26],0.04001240398191887,[2.403201941248315, 0.9284711490999533, 46.970502368644446]]
[[33, 30, 25],0.02591869119082814,[0.9098136158390263, 2.8987471341375017, 58.0376100771682]]
[[33, 30, 24],0.04118748758063845,[2.431499442192835, 0.9244532301377142, 44.210560879980434]]
[[33, 30, 23],0.027091236070034736,[0.9044884288048969, 2.9247874916162067, 54.31976655560271]]
[[33, 30, 22],0.042599562183891264,[2.462588469374434, 0.9201564581471579, 41.37367776960618]]
[[33, 30, 21],0.028544143331597913,[0.899090596929949, 2.9505678788545895, 50.40881710509777]]
[[33, 30, 20],0.02940259935921352,[0.896378234388323, 2.9632510046179563, 48.38104008497547]]
[[33, 30, 19],0.030367778370605197,[0.8936639343114265, 2.9757426721459073, 46.3057885653794]]
[[33, 30, 18],0.03145753017970247,[0.8909526215011745, 2.9880072973693346, 44.183997510593464]]
[[33, 30, 17],0.03269382621286022,[0.8882488812026429, 3.0000135172540303, 42.01687991069286]]
[[33, 30, 16],0.03410404807820836,[0.8855569385229854, 3.0117344932312022, 39.80589045729079]]
[[33, 30, 15],0.03572279201041796,[0.8828806667960303, 3.02314800748557, 37.552684879844435]]
[[33, 30, 14],0.012245257624141664,[1.918360561401958, 1.69245565316413, 0.4093721991729169]]
[[33, 30, 13],0.024903328755468444,[1.1441086571626904, 1.956714112255885, 0.7429092355893068]]
[[33, 30, 12],0.023279149632188852,[2.2405994016263775, 1.175200409955961, 0.7885815686056268]]
[[33, 30, 11],0.020641446877375805,[1.4000578506699484, 2.0892766906398705, 0.5361481515188984]]
[[33, 30, 10],0.02140889533805582,[2.1236050336986665, 1.4780547593680244, 0.9447185376157856]]
[[33, 30, 9],0.030584861330807466,[2.143880145082165, 1.1897757614326037, 0.43483208900669323]]
[[33, 30, 8],0.02797773446913373,[1.5253157109731286, 2.0713478477008738, 0.9723519574157067]]
[[33, 30, 7],0.029980124525673467,[2.0627043713042297, 1.7978845147864453, 1.8920785741060138]]
[[33, 30, 6],0.03550666293587109,[1.7878251546316244, 1.956190715198128, 1.3912365899275159]]
[[33, 30, 5],0.03178766700322494,[1.3466422322407474, 1.3091676963045025, -6.216465483344381]]
[[33, 30, 4],0.02792720137547646,[2.562683188442545, 2.4402381615728985, -0.7593557872022187]]
[[33, 30, 3],0.0254298912873665,[1.85059423274471, 2.0174920686597786, 11.772974295185753]]
[[33, 30, 2],0.036541986251826586,[1.9009283894811322, 2.0136732139768485, 7.733547231054138]]
[[33, 30, 1],0.013391655337489986,[1.3366291006699587, 1.952411887280166, 42.584415770518824]]
[[33, 30, 0],0.036227871431377914,[1.9833136963551965, 2.096699258827411, 7.952273237931963]]
[[33, 29, 29],0.0245029586007919,[0.9211402709127727, 2.8349449055081344, 64.41784702291568]]
[[33, 29, 28],0.024873806546168626,[0.9186385365891816, 2.84787033037757, 62.79433290509337]]
[[33, 29, 27],0.025281764078901044,[0.9160878698087246, 2.860989106148876, 61.128008530512304]]
[[33, 29, 26],0.02626398693539982,[0.6688137621678371, 2.177834312055434, 0.36436125797305424]]
[[33, 29, 25],0.026228475647291576,[0.9108583661808903, 2.887639642119999, 57.6601862120325]]
[[33, 29, 24],0.026778927370455733,[0.9081898664167938, 2.9010802116022667, 55.85589294577645]]
[[33, 29, 23],0.027390211551472147,[0.9054929385358902, 2.914533485835895, 54.00328119095776]]
[[33, 29, 22],0.028070956447191004,[0.9027733676844276, 2.9279503474813917, 52.10170347086142]]
[[33, 29, 21],0.028831378777092864,[0.9000369937039968, 2.941282217451324, 50.15086050167301]]
[[33, 29, 20],0.02968367529167137,[0.8972895992929423, 2.954482151818622, 48.150810985900975]]
[[33, 29, 19],0.03064253936728897,[0.8945368079565819, 2.9675058686019424, 46.10196917363711]]
[[33, 29, 18],0.03172585134564536,[0.8917839950565748, 2.9803126256943324, 44.00509068369639]]
[[33, 29, 17],0.03295561409071269,[0.8890362220237806, 2.9928659280888876, 41.8612470289185]]
[[33, 29, 16],0.03435924074465268,[0.886298194051024, 3.0051340056978977, 39.67179135587231]]
[[33, 29, 15],0.01120037598410981,[1.810554051723043, 1.7453065115005055, 0.24291982754728403]]
[[33, 29, 14],0.03783638450693169,[0.8808684550617842, 3.028712290883188, 35.16261491468395]]
[[33, 29, 13],0.040012289898519744,[0.8781846061277421, 3.0399836434595247, 32.84662243783527]]
[[33, 29, 12],0.04257623679715765,[0.875526542387233, 3.0508913717564528, 30.49238259040549]]
[[33, 29, 11],0.026923339456328868,[1.0372247323291344, 2.01855911118919, 0.06583593323351261]]
[[33, 29, 10],0.0256978054454663,[1.3047471118357399, 2.0392117243564885, 0.5010931011884442]]
[[33, 29, 9],0.0326322121225484,[1.4525896366404887, 2.331591568780185, 3.088422345998427]]
[[33, 29, 8],0.026340747431914214,[1.613015681888324, 2.0116870879705404, 0.9718144852484714]]
[[33, 29, 7],0.030809963523980907,[2.0307776013361174, 1.5513582736570368, 0.8778675373370348]]
[[33, 29, 6],0.03536763555049367,[1.738567087171115, 1.9713222995833466, 1.2447766874120796]]
[[33, 29, 5],0.02793091986741779,[2.9564857761528636, 2.755874779694481, 0.4392675747151044]]
[[33, 29, 4],0.02921571174047226,[1.8472658315971753, 1.7920850286666903, -2.622480530826869]]
[[33, 29, 3],0.025510335788357708,[1.8490835858322145, 2.0147346071750913, 11.768463617929946]]
[[33, 29, 2],0.03661805574465582,[1.8998519507672216, 2.01197725762615, 7.731240995640754]]
[[33, 29, 1],0.013634018875034633,[1.3376656545779564, 1.9356122869330419, 41.78633670016524]]
[[33, 29, 0],0.01774490375392434,[1.6500982853364912, 1.9692010144563301, 20.837785653651963]]
[[33, 28, 28],0.02522683260485649,[0.9197852495926031, 2.8349338622229543, 62.29035441604927]]
[[33, 28, 27],0.03956253358769441,[2.3896504436297517, 0.929572126063908, 48.29698798838321]]
[[33, 28, 26],0.026074585732210196,[0.9146289559403777, 2.8619620836755764, 58.97682168412302]]
[[33, 28, 25],0.04064341122835024,[2.4166022681578245, 0.9256524755364827, 45.5732812505758]]
[[33, 28, 24],0.027110779178771947,[0.9092950657426621, 2.889582570930641, 55.48055206168161]]
[[33, 28, 23],0.01943465735654606,[0.7695011577082954, 1.601641122868929, 0.005652247528414584]]
[[33, 28, 22],0.02839042941572783,[0.9038273148750823, 2.91740145108622, 51.79042075541625]]
[[33, 28, 21],0.029144279160749152,[0.9010581609114197, 2.931254605366949, 49.870537516098]]
[[33, 28, 20],0.02998978418158328,[0.8982736556401609, 2.9450008436934847, 47.90036564502299]]
[[33, 28, 19],0.03094166960643101,[0.8954798492154531, 2.958590459732389, 45.880072109012765]]
[[33, 28, 18],0.032017850016540825,[0.8926826012603143, 2.9719769703689742, 43.810199156029846]]
[[33, 28, 17],0.04782107167138834,[2.5542715430626344, 0.9070642182141594, 33.850444638522816]]
[[33, 28, 16],0.029159180140100913,[2.5173722362660875, 0.8065308893830464, 0.30030242850973016]]
[[33, 28, 15],0.036241404537729144,[0.8843243024498979, 3.0105192976995947, 37.31367499245519]]
[[33, 28, 14],0.027753638338807066,[0.9798259200365598, 2.3226618140711355, 0.7327562300005612]]
[[33, 28, 13],0.026040062285289347,[2.274336935731134, 1.3023239058508609, 4.744304037035136]]
[[33, 28, 12],0.02210558184286146,[2.1839324005412744, 1.1745243157364074, 0.3648424451430759]]
[[33, 28, 11],0.0236967070974634,[1.242322234154138, 2.1702859515129465, 0.40047378838806164]]
[[33, 28, 10],0.02562964274196001,[4.572896246770281, 0.9159439758338039, 20.762548192731966]]
[[33, 28, 9],0.02214162751500873,[2.033804871824097, 2.0329464801855694, 3.173407657168593]]
[[33, 28, 8],0.029007783679446567,[1.7428183208929862, 2.2317325324064776, 2.9507337624887615]]
[[33, 28, 7],0.030753937753551154,[2.020879942040198, 1.570991119827873, 0.9352604153534863]]
[[33, 28, 6],0.03497619634377819,[1.825500200712299, 2.0170768801294723, 1.6210577960068122]]
[[33, 28, 5],0.02779433867741363,[2.962203425877359, 2.760781801470997, 0.4378035339834043]]
[[33, 28, 4],0.027750866391592105,[2.5747097393599403, 2.45128057266544, -0.7503304991908929]]
[[33, 28, 3],0.025596876948725367,[1.847467996596679, 2.0117658931405473, 11.763703599528688]]
[[33, 28, 2],0.036699724144474644,[1.898702520816439, 2.010154357742941, 7.72878799077266]]
[[33, 28, 1],0.013898990675245661,[1.3387733845119476, 1.918425306491362, 40.932333887695094]]
[[33, 28, 0],0.014930722566394373,[1.3333992208089929, 1.9910414113681105, 37.440257853366994]]
[[33, 27, 27],0.02601051176956586,[0.9184598366604191, 2.834841442295876, 60.146545937204856]]
[[33, 27, 26],0.02644954765611216,[0.9158500500917268, 2.8487876316736167, 58.50149792653604]]
[[33, 27, 25],0.030260784602536034,[0.6306892173474938, 2.262630488501073, 0.3022668948027828]]
[[33, 27, 24],0.04129758322932479,[2.4308112356263907, 0.9231328631154389, 44.17096318480472]]
[[33, 27, 23],0.04197339222483435,[2.4459270639055046, 0.9209930969887824, 42.76379420998579]]
[[33, 27, 22],0.028739601403881442,[0.9049652987586941, 2.906010989375044, 51.45199395667939]]
[[33, 27, 21],0.029486216977486723,[0.9021618693698376, 2.9204087659012608, 49.565325206268454]]
[[33, 27, 20],0.04444656736232898,[2.495891580292283, 0.9141270058253722, 38.414033993566704]]
[[33, 27, 19],0.03126838820752787,[0.8965008227570853, 2.9489205763371875, 45.63791242181373]]
[[33, 27, 18],0.03233665668494459,[0.893656070112944, 2.962926237318375, 43.59733761049345]]
[[33, 27, 17],0.03355111074598476,[0.8908101055536464, 2.9766985176385976, 41.50630018068349]]
[[33, 27, 16],0.032192648767266685,[2.6443345270679277, 1.0565767397350192, 6.323004768641259]]
[[33, 27, 15],0.036535755140293065,[0.8851375444088317, 3.0033722735109776, 37.177411473009926]]
[[33, 27, 14],0.020650339124872442,[2.062198822526623, 1.1611195224203164, 0.8112880166101825]]
[[33, 27, 13],0.03924843403235495,[2.53764972167669, 1.4902694935509633, 10.931433204906519]]
[[33, 27, 12],0.020305531407899466,[2.215402242893643, 1.227125196439609, 0.35782173100165054]]
[[33, 27, 11],0.024981520770916987,[1.4569497517616596, 2.1499145705901603, 3.0421233679464637]]
[[33, 27, 10],0.024359176163094336,[1.6826874725844496, 1.628229801751832, 1.1840543432483448]]
[[33, 27, 9],0.02623039495042625,[1.3860292225353539, 2.0892299776166228, 0.6030804427617029]]
[[33, 27, 8],0.03150247571472652,[2.162524307732003, 1.3172682650393657, 0.7587240593677956]]
[[33, 27, 7],0.03151594420957648,[2.1659734769726553, 1.805585436807255, 2.5552011203009473]]
[[33, 27, 6],0.03449174010868962,[1.7897518719136456, 1.9699877825114422, 1.3247495966967164]]
[[33, 27, 5],0.031685038966380905,[1.3462178684456216, 1.310905856885293, -6.209431822628034]]
[[33, 27, 4],0.037866727516354455,[2.9379428517199093, 2.7752882216236303, 0.47829484395510485]]
[[33, 27, 3],0.03505699037019938,[2.342637968013072, 2.2642125691327624, -1.1223789924530492]]
[[33, 27, 2],0.03678763297950027,[1.8974724120033433, 2.00818972677341, 7.726174112652933]]
[[33, 27, 1],0.014189166527336013,[1.3399563314269747, 1.9009098647459153, 40.02185622088506]]
[[33, 27, 0],0.015453452017308224,[1.3334153708332714, 1.9891096751406305, 36.123775863083175]]
[[33, 26, 26],0.02686060368506971,[0.9171630315256301, 2.8346742477497164, 57.98818887894431]]
[[33, 26, 25],0.02733972026179945,[0.91449169657091, 2.849190606399404, 56.333802203467016]]
[[33, 26, 24],0.02787126857943748,[0.911769534824599, 2.8639032057403413, 54.63276492347396]]
[[33, 26, 23],0.02846262947500927,[0.9090021633374858, 2.878758181675199, 52.883194863716355]]
[[33, 26, 22],0.04275996837730043,[2.4615019058498926, 0.9182784887475643, 41.322099208471094]]
[[33, 26, 21],0.029861139887780903,[0.90335672733718, 2.908660856607787, 49.23240638702603]]
[[33, 26, 20],0.03069086867633011,[0.9004920009995604, 2.9235858829834447, 47.32905996787083]]
[[33, 26, 19],0.031626473394952115,[0.8976084715853679, 2.9384110146633753, 45.373005061855714]]
[[33, 26, 18],0.03268594957872283,[0.8947130561567624, 2.9530764635134688, 43.36423034198724]]
[[33, 26, 17],0.03218351524869513,[2.426927148799346, 1.240543628357351, 10.785073634694921]]
[[33, 26, 16],0.04679761155847222,[0.640903559319627, 2.1209845971622343, 0.11549477718089972]]
[[33, 26, 15],0.014224871945193071,[2.2789800987620823, 1.3384639061094799, 0.880079733096313]]
[[33, 26, 14],0.038697870965364256,[0.8831435202550925, 3.0090906474885823, 34.81664879117683]]
[[33, 26, 13],0.04084892918138831,[0.8802841304451433, 3.022219749680276, 32.558613655982384]]
[[33, 26, 12],0.024009661178309508,[2.730945856193249, 1.5692227434912531, 6.643920730963368]]
[[33, 26, 11],0.0185466255976683,[2.0909549723587824, 1.497024663244511, 0.8129068358161831]]
[[33, 26, 10],0.019964925382917414,[2.0760323673007592, 2.1209118333858057, 4.349909926655188]]
[[33, 26, 9],0.02578547171107643,[2.0817299544747025, 1.5738480867968099, 1.9912045121160877]]
[[33, 26, 8],0.027811117854472354,[1.443092816089191, 1.9640182808394673, 0.43083117160463535]]
[[33, 26, 7],0.029193155014789238,[2.0221296402158293, 1.8443857449555152, 1.8419030562492726]]
[[33, 26, 6],0.0342586660669099,[1.986981066830438, 1.9593611803059512, 1.9248767422253514]]
[[33, 26, 5],0.03164644584009761,[1.3460479300173578, 1.3115712189595485, -6.206775732361594]]
[[33, 26, 4],0.0376926318032698,[2.9430504395745545, 2.779618073444958, 0.4768968696944138]]
[[33, 26, 3],0.02579124771225061,[1.8438746406063646, 2.005089532169658, 11.753363219369174]]
[[33, 26, 2],0.03688252564375816,[1.8961528178931952, 2.0060661872304926, 7.723383461747406]]
[[33, 26, 1],0.014507490023500146,[1.3412190551599636, 1.883129082364404, 39.055005360971265]]
[[33, 26, 0],0.016015638247188574,[1.3334327476432883, 1.987127171387412, 34.80574082463829]]
[[33, 25, 25],0.027784772772208862,[0.9158936480614592, 2.834438935275184, 55.8169275824274]]
[[33, 25, 24],0.028308859564810492,[0.913154838251823, 2.84957174160666, 54.154049356326894]]
[[33, 25, 23],0.028892303750775682,[0.9103641607500135, 2.8649032910744245, 52.44296071674247]]
[[33, 25, 22],0.029543808213934007,[0.9075277335752115, 2.8803738596689024, 50.68170670379105]]
[[33, 25, 21],0.03027368946159778,[0.9046522272088429, 2.8959193669818286, 48.86865041871411]]
[[33, 25, 20],0.044542054681647375,[2.4952275544417697, 0.91305305182929, 38.38664779985126]]
[[33, 25, 19],0.03202038137637866,[0.898812622698566, 2.9269664087755496, 45.08252887270907]]
[[33, 25, 18],0.03307007274731335,[0.8958633666092357, 2.9423326680639184, 43.108270046948064]]
[[33, 25, 17],0.03426551994852521,[0.892904448990924, 2.9575071514130227, 41.079876129915995]]
[[33, 25, 16],0.0356343190703196,[0.88994294797179, 2.972429131214947, 38.99792645906186]]
[[33, 25, 15],0.037211282577115805,[0.8869859591570163, 2.9870444039386697, 36.863475566179766]]
[[33, 25, 14],0.015137076613989161,[2.411446847049405, 1.5939362096038265, 4.382470996593892]]
[[33, 25, 13],0.024315070078259567,[2.4200612878787684, 1.058524844800819, 0.7652554893051029]]
[[33, 25, 12],0.043710521656196016,[0.8782060594844816, 3.028607810621502, 30.161343870724973]]
[[33, 25, 11],0.025147666119372372,[2.203479608677381, 1.1525956936813513, 0.40649147188094914]]
[[33, 25, 10],0.02206677530040839,[2.112169504844014, 1.3907702813152563, 0.5861829320321124]]
[[33, 25, 9],0.026369914996508804,[2.307273464965878, 2.2482422921240035, 6.8842466238210385]]
[[33, 25, 8],0.028811903445705358,[2.1115303074946348, 1.4014512727377295, 0.7292283097474588]]
[[33, 25, 7],0.030747982117253624,[2.066725533317665, 1.611920055478817, 1.243069949487633]]
[[33, 25, 6],0.0348686612254487,[1.951995606374653, 1.9101200415991517, 1.7546073686065944]]
[[33, 25, 5],0.0316052973930787,[1.3458604845465945, 1.3122877300214477, -6.203937031896748]]
[[33, 25, 4],0.027440744094530335,[2.5953261116393866, 2.470564640054235, -0.7353826441898718]]
[[33, 25, 3],0.025900896874137658,[1.8418685205023158, 2.0013179090321445, 11.747744790168204]]
[[33, 25, 2],0.03698526844462613,[1.894733594604149, 2.0037636813777593, 7.7203981005886435]]
[[33, 25, 1],0.0148573163784486,[1.342566895321265, 1.8651477958866074, 38.03254096233991]]
[[33, 25, 0],0.01662198621308001,[1.333451482867454, 1.9850919701845329, 33.486136955078734]]
[[33, 24, 24],0.03511292194524037,[0.5902654275338435, 2.2534919533819373, 0.175003877563425]]
[[33, 24, 23],0.0293667680228182,[0.9118373713680612, 2.849943356547694, 51.963676036447445]]
[[33, 24, 22],0.03000911736091812,[0.908971273149308, 2.865946648754479, 50.24312976713125]]
[[33, 24, 21],0.04367957758704903,[2.4774929220556836, 0.9148766229305374, 39.84294256983444]]
[[33, 24, 20],0.03153981417140035,[0.9031071912056722, 2.8982880626616305, 46.64440789266546]]
[[33, 24, 19],0.032455394792621314,[0.9001242876471467, 2.914480546630168, 44.76329133246943]]
[[33, 24, 18],0.04675216686596445,[2.532379934599721, 0.9074264609595846, 35.35245168114194]]
[[33, 24, 17],0.03467841879478548,[0.8940967572084108, 2.9465358690129233, 40.83369236007387]]
[[33, 24, 16],0.02054475214208721,[1.0910486365553005, 2.2209656018848714, 1.2546404213543039]]
[[33, 24, 15],0.02321816423308539,[2.3054371345333684, 0.9892442960119315, 0.7384251960134676]]
[[33, 24, 14],0.023713878758153225,[2.3261647796597678, 1.066039463412847, 1.4257121871304375]]
[[33, 24, 13],0.04154792448963269,[0.8820166356335242, 3.007424908528635, 32.315751520835576]]
[[33, 24, 12],0.04406503969529158,[0.8790345303893342, 3.0216537599448743, 30.056845712988594]]
[[33, 24, 11],0.02129443807493573,[1.604485217345469, 2.2977618001636793, 3.3844324317070194]]
[[33, 24, 10],0.022113872020609354,[1.654168559393982, 2.0847142501597657, 2.3246235419001238]]
[[33, 24, 9],0.02483738221397205,[1.4441910715469588, 2.0804991984673333, 0.6698489560276172]]
[[33, 24, 8],0.027174014096799683,[1.9769617096642111, 2.2138461947361305, 3.838205432803326]]
[[33, 24, 7],0.030118974659213323,[2.031360353979834, 2.0202425884740247, 2.763509420146751]]
[[33, 24, 6],0.0338772093282093,[1.7902814130549825, 1.8665144772367706, 1.0201481615793146]]
[[33, 24, 5],0.02716323685331582,[2.988046427116861, 2.784173357738791, 0.43131861216326534]]
[[33, 24, 4],0.02732267154271187,[2.6029988746165156, 2.4778689438509405, -0.7299803924736593]]
[[33, 24, 3],0.02708386141807237,[1.458274969814965, 1.4257281987460486, 0.1884372153408926]]
[[33, 24, 2],0.037096877092322345,[1.89320301248629, 2.00125862176452, 7.717197671440449]]
[[33, 24, 1],0.015242493312708648,[1.344006437329108, 1.8470300478617745, 36.95583326468231]]
[[33, 24, 0],0.017277983078565495,[1.3334717274612202, 1.9830020513274063, 32.164949978964145]]
[[33, 23, 23],0.0421566800686517,[2.4448934843631376, 0.9188796494486278, 42.69986959641249]]
[[33, 23, 22],0.01339845423484945,[2.424055996883617, 0.9690652640596262, 0.10033695928216106]]
[[33, 23, 21],0.043732952835156845,[2.477174377581267, 0.9142826031470197, 39.826288529323726]]
[[33, 23, 20],0.0320339194504283,[0.9045912415965401, 2.883918900478256, 46.25095843197593]]
[[33, 23, 19],0.03293780914003126,[0.9015557496664746, 2.9008359747618973, 44.41169713804399]]
[[33, 23, 18],0.02083438763660443,[2.79745051217931, 0.9482143289258437, 1.4186803735003395]]
[[33, 23, 17],0.03513611949595842,[0.8954021711485252, 2.9344917119721736, 40.56147324958925]]
[[33, 23, 16],0.0364805761381091,[0.8923018359433917, 2.9510658608881255, 38.5496571857849]]
[[33, 23, 15],0.03803277228376826,[0.8891975524552364, 2.967367342254789, 36.48043603740444]]
[[33, 23, 14],0.025163725840518958,[1.1390645886835686, 1.7344104414762125, 0.9305668670681655]]
[[33, 23, 13],0.04195293896886532,[0.8830108245714516, 2.9988821959174228, 32.174325353045376]]
[[33, 23, 12],0.02230237071782427,[1.429776527761584, 2.2560220768493515, 3.1727500442857286]]
[[33, 23, 11],0.020869750481728788,[2.3660839489090586, 1.6226005794923046, 4.003220410650051]]
[[33, 23, 10],0.02537036231523201,[2.4881645569900814, 2.069879638844948, 8.090995900528927]]
[[33, 23, 9],0.02190687584257425,[2.173052546652434, 1.7534157337411604, 2.250131781722784]]
[[33, 23, 8],0.02795684058601051,[1.6104983896597562, 2.051041200860103, 1.5058698596553843]]
[[33, 23, 7],0.030240619213054702,[1.487832651188903, 1.5536267761909992, 0.1357066183557033]]
[[33, 23, 6],0.034810310409834476,[1.8084863415976826, 1.9591243408547114, 1.4335551409980614]]
[[33, 23, 5],0.03151424489949383,[1.3454226946676877, 1.3138993519889315, -6.197630612843705]]
[[33, 23, 4],0.027195936310531348,[2.6111272757372084, 2.4856898863761647, -0.7243484962401604]]
[[33, 23, 3],0.015424371008280606,[1.365719361303201, 1.8272884196157295, 37.225811496988655]]
[[33, 23, 2],0.037218550346386436,[1.8915474150725335, 1.9985230989511527, 7.713759096919189]]
[[33, 23, 1],0.01566746407357546,[1.3455456279937001, 1.8288363996369383, 35.82682642949257]]
[[33, 23, 0],0.017990068018412034,[1.3334936569957434, 1.980855291034776, 30.842167264998857]]
[[33, 22, 22],0.04296079320557793,[2.4603544622476528, 0.9160088438295928, 41.25558815849806]]
[[33, 22, 21],0.03179728187722735,[0.9092511300548184, 2.8507115818446533, 47.55619224651665]]
[[33, 22, 20],0.03258424965832996,[0.906209857249924, 2.868244618770622, 45.81808894161647]]
[[33, 22, 19],0.03347516830795316,[0.9031206228660135, 2.885904086519754, 44.02372558901422]]
[[33, 22, 18],0.034488241722271766,[0.8999924641324829, 2.9035995979318097, 42.17130733237609]]
[[33, 22, 17],0.0356458419223514,[0.8968349282207596, 2.921237875850791, 40.25958896957597]]
[[33, 22, 16],0.029035209864491807,[2.2290464076482714, 0.8039269786916474, 0.15859341380574588]]
[[33, 22, 15],0.012884732968849288,[2.3187988035056954, 1.4330368919322043, 1.2274580368258265]]
[[33, 22, 14],0.03132170584000766,[0.96506472506453, 1.7646200564750743, 0.6569693326246859]]
[[33, 22, 13],0.027654516218553662,[2.5916155848241273, 1.0698091072317157, 2.202677836287256]]
[[33, 22, 12],0.02911335301982171,[6.194527918509592, 0.3160532418169881, 18.00526740759379]]
[[33, 22, 11],0.020473274805354786,[2.4738844132069304, 1.693023135054765, 4.777032938214062]]
[[33, 22, 10],0.020876554222902376,[2.1677303270460557, 1.5479468383513126, 1.5231575976227276]]
[[33, 22, 9],0.028323479318542403,[1.3159147114780854, 2.187310547892597, 0.7798327010525525]]
[[33, 22, 8],0.025119624928116924,[2.0522024640730376, 2.0089469812729344, 2.9238188821188413]]
[[33, 22, 7],0.030469195420215034,[2.0655288748709735, 1.9455072823485515, 2.7072748772101454]]
[[33, 22, 6],0.034947877202534436,[1.9860421454349835, 1.9182876489275154, 1.9248717138102607]]
[[33, 22, 5],0.03146369538537779,[1.3451659194471672, 1.3148096934133362, -6.194114450879142]]
[[33, 22, 4],0.03687460514769714,[2.9665406477451954, 2.8006756067064407, 0.4705715059218973]]
[[33, 22, 3],0.015858102586075257,[1.369765816952601, 1.8084545029656673, 36.061364806884306]]
[[33, 22, 2],0.0373517131810468,[1.8897508142873654, 1.9955238360864491, 7.71005613484174]]
[[33, 22, 1],0.016137399229298074,[1.3471945360487343, 1.8106216577840997, 34.64792225857579]]
[[33, 22, 0],0.018765848281118623,[1.3335174753801802, 1.978649451279, 29.517778092494318]]
[[33, 21, 21],0.03242663183292498,[0.9110620454297621, 2.8329466312380536, 47.03138691144476]]
[[33, 21, 20],0.03320002129623956,[0.9079770543699405, 2.8511377650976155, 45.3413470234087]]
[[33, 21, 19],0.03407656419068121,[0.9048338646475812, 2.869545954467723, 43.59492360419574]]
[[33, 21, 18],0.031331651973294815,[1.0578151989931845, 2.211108231440128, 7.419531992447617]]
[[33, 21, 17],0.03621632921066398,[0.8984112062499077, 2.90662067940751, 39.92388666988281]]
[[33, 21, 16],0.013719586139132241,[2.2809759534530976, 1.2743541886226974, 0.6281375515407938]]
[[33, 21, 15],0.02016153442506266,[2.5156444785152545, 1.5033640785025908, 8.22561859850896]]
[[33, 21, 14],0.013604209216392776,[2.2613942794926345, 2.1697737082285444, 8.188428888865136]]
[[33, 21, 13],0.03204270558102062,[0.35923295358981955, 1.8352980984179268, 37.008670327004204]]
[[33, 21, 12],0.024389723040690002,[1.1572220615273812, 2.304554028371147, 0.7057296576568494]]
[[33, 21, 11],0.016344903547668207,[1.9731076190762855, 2.0108938831098584, 2.7379312624456627]]
[[33, 21, 10],0.03190802458526645,[4.29730159079719, 0.1862737665799327, 29.001184422421176]]
[[33, 21, 9],0.029668832698549346,[1.7103920758732754, 2.4880888939451635, 4.847010339073022]]
[[33, 21, 8],0.029741168094665177,[1.4282459747311975, 2.1643790601673136, 1.0257066957914907]]
[[33, 21, 7],0.030603146425068003,[1.867272451246877, 2.1149197903477233, 2.518714930902578]]
[[33, 21, 6],0.03333140497489653,[1.8711448581471177, 1.8365407034355052, 1.1345893284153559]]
[[33, 21, 5],0.031409284117311816,[1.3448785385443125, 1.3158021082307634, -6.190317520343523]]
[[33, 21, 4],0.02691250400733962,[2.6289055431947594, 2.503120234403426, -0.712345008685935]]
[[33, 21, 3],0.026452567964620144,[1.8319918629223777, 1.9822823839320554, 11.721852854480684]]
[[33, 21, 2],0.03749807276584072,[1.8877943679278884, 1.992220837452532, 7.70605891133443]]
[[33, 21, 1],0.0166583661436261,[1.3489657744820156, 1.7924328271202228, 33.42188934958682]]
[[33, 21, 0],0.01961437691137376,[1.3335434243155162, 1.9763821908020556, 28.191773910282404]]
[[33, 20, 20],0.033892380192061984,[0.9099077624580064, 2.8324669379737886, 44.81597194803236]]
[[33, 20, 19],0.034753020766572,[0.906711688199068, 2.8516142126354844, 43.12042312879912]]
[[33, 20, 18],0.03573413471539538,[0.9034553000751699, 2.87098531472897, 41.3658301526349]]
[[33, 20, 17],0.04830973916044233,[2.550711370305354, 0.9019445742431959, 33.73592434544878]]
[[33, 20, 16],0.028383698794319925,[2.256732238906539, 0.8418579217855839, 0.613385726503699]]
[[33, 20, 15],0.014603102602398636,[1.5190372933550815, 1.8879187273883435, 53.23949250419941]]
[[33, 20, 14],0.041407480998001185,[0.8900514340030204, 2.948408997297832, 33.71602398840128]]
[[33, 20, 13],0.020833582530696396,[2.348948045747904, 1.1606228154506375, 0.7972704543055636]]
[[33, 20, 12],0.02311696643133203,[2.2626277418430685, 1.552806313532442, 5.453369252865512]]
[[33, 20, 11],0.022806691500428758,[2.1594326091957114, 1.221398070954787, 0.3817090946415971]]
[[33, 20, 10],0.018325978386178342,[1.800432370639485, 1.9478602196595072, 1.2682855177091288]]
[[33, 20, 9],0.02269535703962902,[2.1794505679044023, 1.6946918029611056, 2.2305888475772337]]
[[33, 20, 8],0.02980164750883024,[1.9628077564203286, 1.5077980379034115, 1.2251748929596578]]
[[33, 20, 7],0.030552405906507617,[1.634643735849155, 2.056845873673538, 1.2614878507475782]]
[[33, 20, 6],0.0352600525257755,[1.8554014214974242, 1.9348575614840404, 1.6185727522598659]]
[[33, 20, 5],0.0313505495710127,[1.3445555011357362, 1.3168880186122893, -6.186204605382789]]
[[33, 20, 4],0.0363740808769963,[2.9804402920556257, 2.814127460292951, 0.4669123420208606]]
[[33, 20, 3],0.02662797347180934,[1.8289228239543538, 1.976208651407884, 11.714461586670588]]
[[33, 20, 2],0.037659691930579164,[1.8856557079327712, 1.9885656062261112, 7.701733425247828]]
[[33, 20, 1],0.01723754827892111,[1.350875228504202, 1.7743075007709832, 32.151753622563966]]
[[33, 20, 0],0.02054651368916519,[1.333571788768387, 1.9740510416259616, 26.86414862368118]]
[[33, 19, 19],0.03551799097030002,[0.9087715405325809, 2.83195647611289, 42.59499797744683]]
[[33, 19, 18],0.030055385926771226,[0.7670507066968206, 2.317332447457239, 0.3688798030038114]]
[[33, 19, 17],0.03758465727883586,[0.9020691772266529, 2.87259538213602, 39.13154553399177]]
[[33, 19, 16],0.038858908441532704,[0.8986361077803079, 2.893132994432396, 37.30405589246514]]
[[33, 19, 15],0.04033854842635275,[0.8951658989381703, 2.913636701762541, 35.409825259559476]]
[[33, 19, 14],0.02203287794875328,[1.229748933371057, 2.2971834349635594, 2.8177822694847046]]
[[33, 19, 13],0.014560523955469626,[1.9743272871329018, 1.3224450941503278, -2.835776502749489]]
[[33, 19, 12],0.0228338273554436,[2.1334583103735154, 1.2676860675304495, 1.63228010218378]]
[[33, 19, 11],0.02490462332901715,[1.3681557717114492, 2.5711549982673114, 2.682757486019983]]
[[33, 19, 10],0.020733465583599887,[2.1216343481377, 1.591614382500733, 1.726426090464071]]
[[33, 19, 9],0.02793119503886362,[1.4712079250183177, 0.5749735587307445, 34.21049409172239]]
[[33, 19, 8],0.02920915370195627,[1.5270111250985463, 2.232746676834357, 1.732587708739076]]
[[33, 19, 7],0.030467993850469794,[1.7211076820437494, 2.0802012721449965, 1.738081510083511]]
[[33, 19, 6],0.034043722844205086,[1.861061773575368, 1.9174419260287028, 1.4415101542985553]]
[[33, 19, 5],0.03128695333492874,[1.3441906694288712, 1.3180810402875043, -6.181734299003841]]
[[33, 19, 4],0.028586253338388667,[1.8292934900967632, 1.7855378862927047, -2.688448122855473]]
[[33, 19, 3],0.03411792333697243,[2.4148376113869032, 2.3347014267978405, -1.0300104322809611]]
[[33, 19, 2],0.037839086834114966,[1.883308071747734, 1.984498761913287, 7.6970410310744]]
[[33, 19, 1],0.01788353128808769,[1.35294293376534, 1.7562725264013979, 30.840693295589507]]
[[33, 19, 0],0.02157539990768211,[1.3336029112466496, 1.9716534097570755, 25.534898936372763]]
[[33, 18, 18],0.03732965908265735,[0.9076515762902431, 2.8314209727890294, 40.36931854904551]]
[[33, 18, 17],0.03841176150794275,[0.9041934226386708, 2.8527979477365024, 38.66369860879377]]
[[33, 18, 16],0.037805597443867266,[0.30821510924811735, 1.7548176833822313, 40.399453811716455]]
[[33, 18, 15],0.01083319829382627,[2.072332596230772, 2.0195471607490796, 4.23707960491947]]
[[33, 18, 14],0.04282197916143822,[0.8934846220040199, 2.9177551886886617, 33.14374061815976]]
[[33, 18, 13],0.0448352165723427,[0.8898549492588933, 2.9391596356166843, 31.16268872747416]]
[[33, 18, 12],0.021953592664040542,[1.2353171599216186, 2.093045664251046, 0.5358141645501713]]
[[33, 18, 11],0.02806605689285065,[2.6674566666980675, 2.3451947141282985, 13.25536022587038]]
[[33, 18, 10],0.034001296516542066,[1.0352250365659095, 2.1299704590754316, 0.3037158373751497]]
[[33, 18, 9],0.02490059123885292,[2.1846298462722604, 1.4610601765693847, 1.3036876058525695]]
[[33, 18, 8],0.026267832460026938,[2.124254073244816, 2.122137402536858, 4.12361006266302]]
[[33, 18, 7],0.030252658621879924,[2.0623261129274053, 1.6308567363785493, 1.3149379699589354]]
[[33, 18, 6],0.034408308314729685,[1.9221494130360048, 2.013741259304242, 1.9835493196199052]]
[[33, 18, 5],0.031217863324899325,[1.343776525240395, 1.3193975303231333, -6.176857565366041]]
[[33, 18, 4],0.026393228749441163,[2.660043507372524, 2.534897133858753, -0.6922969759438108]]
[[33, 18, 3],0.027042978213693836,[1.8217867483545285, 1.9617958091202938, 11.698625788063042]]
[[33, 18, 2],0.03803935867935948,[1.8807191578045295, 1.979946812186582, 7.691937994706626]]
[[33, 18, 1],0.018606679973851414,[1.355194189060219, 1.7383430388058185, 29.491945872895403]]
[[33, 18, 0],0.022717091205668952,[1.333637203698605, 1.9691865651099711, 24.204024692849305]]
[[33, 17, 17],0.03935971780144277,[0.9065459951043034, 2.8308661297629856, 38.1397004631108]]
[[33, 17, 16],0.04058401775840266,[0.9029324581480874, 2.8535532911413335, 36.429339355953076]]
[[33, 17, 15],0.04201087239201397,[0.8992504896756057, 2.876489032504898, 34.64981213064965]]
[[33, 17, 14],0.028955721315763183,[2.4705633215373157, 0.9538279733338126, 1.5852866834617028]]
[[33, 17, 13],0.022648718452420485,[2.2190761890365462, 1.0646073327145587, 0.25110281108384813]]
[[33, 17, 12],0.03949485686743064,[5.755289356481085, 0.6717001200006132, 15.603625376013476]]
[[33, 17, 11],0.01943769065913875,[1.8245737521141399, 1.2413854105235143, 0.05996542932892725]]
[[33, 17, 10],0.020768056534724796,[1.699399542432635, 2.2153878683488255, 2.764582651041536]]
[[33, 17, 9],0.02422410216762065,[2.1332826132436025, 1.4209278120405266, 0.759911999977959]]
[[33, 17, 8],0.027319476435205523,[1.9839068918321208, 2.222716398466753, 4.122387398377898]]
[[33, 17, 7],0.03196675121571843,[1.8498143631026125, 2.1930625886738873, 2.9947596762979583]]
[[33, 17, 6],0.03264820073015453,[1.8546886322926275, 1.7503975135386254, 0.8265049746245748]]
[[33, 17, 5],0.031142532374560286,[1.3433037786434032, 1.3208573063883087, -6.171515880956933]]
[[33, 17, 4],0.035467544576469175,[3.0045344025337974, 2.8395441433748894, 0.46072825837307]]
[[33, 17, 3],0.027290921704308246,[1.8176014367781788, 1.9531553918719984, 11.690294956849284]]
[[33, 17, 2],0.03826437417400719,[1.8778496002374954, 1.9748177037296333, 7.6863752518538675]]
[[33, 17, 1],0.01941964092709202,[1.357661045808146, 1.7205214978311874, 28.108729776513698]]
[[33, 17, 0],0.02399141345003167,[1.3336751690501643, 1.966647646619385, 22.871529328692638]]
[[33, 16, 16],0.04164854251745539,[0.9054528328350607, 2.83029772910466, 35.90683093173283]]
[[33, 16, 15],0.04304359054522681,[0.9016639639955746, 2.854457314818443, 34.19179726251297]]
[[33, 16, 14],0.03673147787039772,[2.376480228814838, 1.1170669065890773, 6.356627951781792]]
[[33, 16, 13],0.0241169740978704,[1.1018748846631015, 2.31652534776527, 0.9191923628359442]]
[[33, 16, 12],0.016216416052026263,[2.2261578292491144, 2.186885637118964, 7.096835349138073]]
[[33, 16, 11],0.017982934099383823,[2.206961707520429, 2.164337888806123, 6.276814011767003]]
[[33, 16, 10],0.02482993170751649,[1.4877056255338719, 2.2469706716240827, 2.615867099721896]]
[[33, 16, 9],0.0240261897993544,[1.7367400521946168, 1.773793461432727, 1.3435320023251922]]
[[33, 16, 8],0.02817101251463336,[1.5050993927292917, 2.0486986012259916, 1.0657173797311894]]
[[33, 16, 7],0.03122927979080195,[2.188420015338455, 1.8057178335648478, 2.726278216455337]]
[[33, 16, 6],0.03341342014864272,[1.9286039460191333, 1.96919004930025, 1.773635924462065]]
[[33, 16, 5],0.031060070632989725,[1.3427608411643968, 1.3224846034389048, -6.165638793463683]]
[[33, 16, 4],0.03511353692290969,[3.013521952060577, 2.8498237181668484, 0.45847710699568506]]
[[33, 16, 3],0.027573326632304607,[1.8128994682682809, 1.94328600332087, 11.681862966503312]]
[[33, 16, 2],0.03851901716807582,[1.874650900523896, 1.968994579092662, 7.680298668404117]]
[[33, 16, 1],0.020338022065293865,[1.3603843318542759, 1.7027966548303415, 26.694183040437167]]
[[33, 16, 0],0.02542313911830013,[1.333717429533359, 1.9640336365318973, 21.537420249713023]]
[[33, 15, 15],0.044247209278077765,[0.9043700140617792, 2.8297217703118767, 33.67132473319987]]
[[33, 15, 14],0.022405070740686085,[2.4891045927385593, 0.9923590053596159, 0.23411468375832878]]
[[33, 15, 13],0.023808874078460655,[1.0741227562111564, 2.2039178033281166, 0.4038900771926709]]
[[33, 15, 12],0.01452641887802981,[2.1346057081593597, 1.9793568763088027, 3.997417008931855]]
[[33, 15, 11],0.02049771563558183,[2.2980599753380426, 1.4108783790100892, 1.7025719089427018]]
[[33, 15, 10],0.02169428803983347,[1.523160508378479, 1.9343498761314888, 0.916172747358509]]
[[33, 15, 9],0.030461774570634075,[2.128165695628516, 1.1679857940760479, 0.3742000607314485]]
[[33, 15, 8],0.030651128170243284,[1.56313519248574, 2.2525949149503055, 2.4750037602629855]]
[[33, 15, 7],0.030119161522210072,[1.5588817084264681, 2.0241693454373473, 0.8724781133396872]]
[[33, 15, 6],0.03334929774324061,[1.4994016612686103, 1.8674079132189767, 0.3647803676765503]]
[[33, 15, 5],0.030969409556905796,[1.3421331055435413, 1.3243093640251082, -6.159140677341137]]
[[33, 15, 4],0.02816486240651621,[1.8167209405935618, 1.7813764128327143, -2.734992561653032]]
[[33, 15, 3],0.033324994645559256,[2.4672461472231078, 2.38843467791088, -0.971617121159191]]
[[33, 15, 2],0.035732024413207844,[2.1671504249202975, 1.196235173679057, 5.848863366432638]]
[[33, 15, 1],0.02138132588027229,[1.3634164644593134, 1.6851421357786187, 25.25131939553693]]
[[33, 15, 0],0.027043633527709957,[1.333764762457979, 1.961341375485522, 20.201709383921703]]
[[33, 14, 14],0.01718601733535242,[1.4094117741658498, 1.5810346350441096, 43.399893753757226]]
[[33, 14, 13],0.028870630363694395,[0.9336245253399491, 2.4571895347148756, 0.2553025262031862]]
[[33, 14, 12],0.01825005808958465,[4.958232766123792, 0.8192247369371097, 20.43559563756186]]
[[33, 14, 11],0.020923210647148572,[4.665788362264313, 0.39397988263161915, 22.91031921516469]]
[[33, 14, 10],0.020083889812417918,[2.0566140332309293, 1.4862259931817206, 0.6624000107343113]]
[[33, 14, 9],0.031136928233367035,[2.4600743160484178, 1.088988995235019, 0.319362378085027]]
[[33, 14, 8],0.024319437897573147,[1.687236901507164, 1.9538659005020294, 0.9944641742765844]]
[[33, 14, 7],0.03192999848868297,[2.2067676520782142, 1.761374956192538, 2.7302507483375136]]
[[33, 14, 6],0.031500179662912596,[1.7617125891930596, 1.7620207641571333, 0.5906819173739225]]
[[33, 14, 5],0.030869254323678954,[1.341401946520434, 1.326369005846818, -6.151916350948906]]
[[33, 14, 4],0.03430702519590331,[3.03301644480754, 2.87394749011275, 0.45371020596917205]]
[[33, 14, 3],0.028274977507038557,[1.8014790371873604, 1.9186266231187101, 11.665988661899938]]
[[33, 14, 2],0.03914411659980788,[1.8670080943062175, 1.954617012902054, 7.666372478659178]]
[[33, 14, 1],0.022574253994689264,[1.3668254638685586, 1.6675142676080497, 23.783000641576912]]
[[33, 14, 0],0.02889320546685748,[1.333818154114636, 1.958567557978017, 18.864413730244703]]
[[33, 13, 13],0.02946564610572403,[0.9213889084945943, 2.2353002077769393, 0.22180094840638293]]
[[33, 13, 12],0.021519899052114582,[1.640674190143406, 2.6277438157305384, 6.319629404643974]]
[[33, 13, 11],0.018889096852206237,[2.28490566888165, 1.58686874035352, 2.773596844516364]]
[[33, 13, 10],0.03303689994175028,[2.318933484187263, 1.0482510080946987, 0.6292127732501347]]
[[33, 13, 9],0.032566265256894295,[2.3814644862884062, 1.103684296562778, 0.4819207028386987]]
[[33, 13, 8],0.031161710231797562,[1.2434412907700305, 2.2973574693016428, 0.504745703345154]]
[[33, 13, 7],0.03175233187761653,[2.2173425809658136, 1.7746108571877346, 2.8178498935114877]]
[[33, 13, 6],0.033649749814805376,[1.9442806903596261, 1.9415976624498317, 1.8351609612642725]]
[[33, 13, 5],0.030758020028454097,[1.3405433109369393, 1.3287108851427372, -6.143835054471642]]
[[33, 13, 4],0.03384544157257203,[3.0435174380125507, 2.888174877194795, 0.45121553810633036]]
[[33, 13, 3],0.022850354143464795,[1.4336009580428222, 1.6405233920531415, 23.686704537927188]]
[[33, 13, 2],0.03953355344458265,[1.8623890831981955, 1.9456010663029941, 7.658415291943804]]
[[33, 13, 1],0.02394856732126943,[1.3707008082610208, 1.6498487646144968, 22.291923843201566]]
[[33, 13, 0],0.03102454088768939,[1.3338788765724796, 1.9557087379069125, 17.52555595918963]]
[[33, 12, 12],0.019466769157683403,[1.2832128423245355, 2.3155452792736133, 0.7772795881497221]]
[[33, 12, 11],0.020070365394742135,[1.7566365728974196, 1.6219531840424246, 37.10488574964296]]
[[33, 12, 10],0.0205257128821956,[3.0075088752725616, 1.4875446740975553, 0.9801096458098238]]
[[33, 12, 9],0.02497927863196741,[2.1882987797284885, 1.3920109833769414, 0.9532799691533838]]
[[33, 12, 8],0.025072172131749178,[2.110763199419204, 2.091437967973853, 3.8454947052107786]]
[[33, 12, 7],0.03072034511782713,[1.532531252549946, 2.0142303837955984, 0.8953162746766314]]
[[33, 12, 6],0.03115708087454366,[1.7126367591836462, 1.7248508452396676, 0.44464282819199874]]
[[33, 12, 5],0.030633744750354304,[1.3395256906380348, 1.3313957974543322, -6.134732005190655]]
[[33, 12, 4],0.033337505289716914,[3.054486502013528, 2.904166878791396, 0.44867222826184394]]
[[33, 12, 3],0.024219845955696474,[1.4470545953776226, 1.6226244165644943, 22.145209402954137]]
[[33, 12, 2],0.024924478661909277,[1.4080854556330882, 1.6240246495463686, 21.530816193157715]]
[[33, 12, 1],0.025545798289485472,[1.3751621910951153, 1.632055478239843, 20.78062238945917]]
[[33, 12, 0],0.03350785030261792,[1.3339486018088338, 1.952761350093178, 16.18516511015362]]
[[33, 11, 11],0.021031694809426904,[5.927734460129617, 0.5707894230043165, 9.093111929488327]]
[[33, 11, 10],0.020795414787803217,[2.0867748580984276, 1.4041931303572601, 0.5200326683294366]]
[[33, 11, 9],0.022640344144910993,[2.204245110571901, 1.6421740213127602, 2.2041549880191744]]
[[33, 11, 8],0.030428981602313894,[2.0962040559131885, 1.3007432197556985, 0.570554886614286]]
[[33, 11, 7],0.030232069594752827,[1.721339920173045, 2.150026622914887, 2.1074383024064933]]
[[33, 11, 6],0.034105993377043016,[1.9685666949906557, 1.960733594022701, 2.0932391188226065]]
[[33, 11, 5],0.03049396893303413,[1.338307146020299, 1.334503061330105, -6.124396300754743]]
[[33, 11, 4],0.03277623360481083,[3.0658622020125303, 2.9222290255298926, 0.446112024294167]]
[[33, 11, 3],0.025796796813359814,[1.4634121515751812, 1.6052428705250017, 20.572758325769446]]
[[33, 11, 2],0.026664197159156956,[1.4179786963448262, 1.6052815176845538, 19.992953549171585]]
[[33, 11, 1],0.027421306367606813,[1.3803730017448763, 1.6140101782828051, 19.251480458089677]]
[[33, 11, 0],0.03643881829136803,[1.3340295750946958, 1.949721845708798, 14.84327733736098]]
[[33, 10, 10],0.018195372245434695,[2.0987742186677463, 2.093702870073979, 4.2803960346844345]]
[[33, 10, 9],0.021715502435743866,[1.718432684147904, 2.2746029969637838, 2.649124016546239]]
[[33, 10, 8],0.027314254306956404,[2.1426042276445556, 2.2582855780966242, 5.354645298011998]]
[[33, 10, 7],0.029848506086091405,[1.4240656200454846, 1.9257089997838488, 0.36011612350369393]]
[[33, 10, 6],0.030571598133793895,[1.716536200860305, 1.7644022506104324, 0.5000788646006593]]
[[33, 10, 5],0.030335564538800742,[1.3368308292995623, 1.3381380902725188, -6.112553111078818]]
[[33, 10, 4],0.03215317154572062,[3.0775396967903705, 2.9427370740302186, 0.4435814195430668]]
[[33, 10, 3],0.02762323950116441,[1.4838967815294695, 1.5888970658106196, 18.963706347119295]]
[[33, 10, 2],0.02871272609985536,[1.4299442410550258, 1.5862631467753787, 18.43619702955072]]
[[33, 10, 1],0.02965051856689408,[1.3865617071395822, 1.5955415221990699, 17.706762347220714]]
[[33, 10, 0],0.03995131239961661,[1.3341248791179119, 1.9465863268041308, 13.499936848426268]]
[[33, 9, 9],0.031248644027541076,[2.235379544503641, 1.1542302043574257, 0.5753781744702131]]
[[33, 9, 8],0.027091881199097032,[2.2679848613004854, 1.713910790906977, 3.02289561145266]]
[[33, 9, 7],0.030195143109353357,[1.7443132986757908, 2.182762027699515, 2.40974778540672]]
[[33, 9, 6],0.030966071728031334,[1.7336118284538804, 1.7353037644972837, 0.5193695106615017]]
[[33, 9, 5],0.030154487256630058,[1.3350180638313478, 1.3424439974524176, -6.098836682099185]]
[[33, 9, 4],0.0314579378710997,[3.0893524560852903, 2.966160642783649, 0.4411473099658297]]
[[33, 9, 3],0.04912609632409376,[3.067060598011456, 2.9576862422649643, 0.48678047354983445]]
[[33, 9, 2],0.04204125383115809,[1.8348686243799983, 1.8864896889622689, 7.621012649506676]]
[[33, 9, 1],0.03233885338253905,[1.3940571233536756, 1.5764100455042982, 16.14866182316324]]
[[33, 9, 0],0.04423854445141141,[1.334238888400939, 1.943351617661363, 12.155196707401284]]
[[33, 8, 8],0.028338498391598743,[1.3314241022442057, 2.1114284776592225, 0.5620963358730086]]
[[33, 8, 7],0.03179066159575998,[1.56291007375697, 2.2800776219330223, 1.948363388134899]]
[[33, 8, 6],0.03094683024562649,[1.6833262615320077, 1.7437271188982995, 0.46454428149972615]]
[[33, 8, 5],0.029945407050293874,[1.332757296432596, 1.3476199939732894, -6.082747904281103]]
[[33, 8, 4],0.030677551792061778,[3.101046042995589, 2.9930998929035213, 0.4389051543767233]]
[[33, 8, 3],0.04805028442900586,[3.079254926403807, 2.9804273966318098, 0.48408961980160614]]
[[33, 8, 2],0.03409954348086602,[1.4636791857973521, 1.5472493924460984, 15.267740850619896]]
[[33, 8, 1],0.0356381157156165,[1.4033490643343483, 1.5562734273975698, 14.579382722960444]]
[[33, 8, 0],0.04959006070596427,[1.3343780060869412, 1.9400147154633125, 10.809120036418475]]
[[33, 7, 7],0.03247001952400793,[1.3743008540050328, 2.0686206641262754, 0.7036553204033669]]
[[33, 7, 6],0.03274050090412822,[1.9535100771754617, 2.006504616447338, 2.170397963261003]]
[[33, 7, 5],0.029701139030663657,[1.329885784971336, 1.3539517444126041, -6.063584751954589]]
[[33, 7, 4],0.02979538128880351,[3.112238890361952, 3.024346022923895, 0.4369912711067085]]
[[33, 7, 3],0.035017881891825864,[1.6664904290186917, 1.6376741343748111, 12.487251141713408]]
[[33, 7, 2],0.028548470071419283,[1.543960525788968, 1.5381783797923099, 0.43419296445404487]]
[[33, 7, 1],0.039774818973323446,[1.4151982025679635, 1.53462704167157, 13.001276671054212]]
[[33, 7, 0],0.032611666125387614,[1.3083915441924034, 2.50913026026385, 29.644742246890953]]
[[33, 6, 6],0.031249513059926078,[1.9515043996752899, 1.90751955070295, 1.6881723168438967]]
[[33, 6, 5],0.029411731506403974,[1.3261578316427873, 1.3618639503426104, -6.0403219075636505]]
[[33, 6, 4],0.028789395560581132,[3.1223594917273547, 3.0609878925914926, 0.4356027993344831]]
[[33, 6, 3],0.038116126987631116,[1.6545243560207503, 1.5639710742309176, 12.376915837953899]]
[[33, 6, 2],0.04219648641748972,[1.524069779711999, 1.5094770449232386, 12.00234305908946]]
[[33, 6, 1],0.04510176602206138,[1.430847660902698, 1.510697991045013, 11.417095246836425]]
[[33, 6, 0],0.03871561762058886,[1.306016095764692, 2.505132050716164, 25.36216780060861]]
[[33, 5, 5],0.029062931745908488,[1.3211864742975843, 1.37201706720116, -6.011388887458345]]
[[33, 5, 4],0.027629035726926977,[3.130535620574053, 3.1046147722421864, 0.4350332626359106]]
[[33, 5, 3],0.023617161789901225,[1.3318507627971543, 1.3894993851407667, 0.10956894973614081]]
[[33, 5, 2],0.04893385722468614,[1.6322788363809417, 1.6026172550945097, 0.5749810697498811]]
[[33, 5, 1],0.0213775266077771,[0.8275935235629597, 9.301261394827499, 7.985021379467215]]
[[33, 5, 0],0.04740927334722882,[1.3031786760130235, 2.4975610711400815, 21.082717517434993]]
[[33, 4, 4],0.026269055033420204,[3.13537300471001, 3.157739877288679, 0.4357438920633846]]
[[33, 4, 3],0.02682436244950259,[2.7201067297384864, 2.7672433896229935, -0.7573995509939069]]
[[33, 4, 2],0.03708464314883108,[2.401154446530712, 2.436605431682726, -1.2396488534781143]]
[[33, 4, 1],0.05029876634309204,[2.1757343666700284, 2.1953446007222355, -1.8457946749428242]]
[[33, 4, 0],0.03399814153413401,[3.119993326257171, 0.6325927330856024, 11.007520922964382]]
[[33, 3, 3],0.025248886301443275,[2.745393423075295, 2.8557824207805793, -0.739044953618588]]
[[33, 3, 2],0.029354574512981853,[1.0238809755756608, 9.691996725023012, 3.5534943080194936]]
[[33, 3, 1],0.01867773273341318,[1.133734777321817, 11.906371006423106, 11.94430490346498]]
[[33, 3, 0],0.011636655296778292,[3.2196258920042693, 20.927838779260743, 3.751594053350247]]
[[33, 2, 2],0.021141246596114584,[0.7069329897484735, 11.241017455511702, 2.6260469196409244]]
[[33, 2, 1],0.033178116009314376,[1.9022910670233202, 7.146514506109544, 1.1447928513370615]]
[[33, 2, 0],0.018629843626776096,[0.9224429061855456, 12.531332673211917, 1.8044836675851548]]
[[33, 1, 1],0.02787604545180715,[1.2681201210754747, 8.897218327846463, 0.7136111926660136]]
[[33, 1, 0],0.04784839400990045,[4.221840576071335, 2.597651538179707, 2.925908703015205]]
[[33, 0, 0],0.018064980416683696,[1.5463552288740774, 1.5451660623277181, 29.94348422486801]]
[[34, 34, 34],0.03596366997829888,[2.322313000831425, 0.9415844287829854, 57.8869153397712]]
[[34, 34, 33],0.021704527816964473,[0.9246072252342294, 2.844973730120192, 73.36268100185954]]
[[34, 34, 32],0.01603838785661294,[0.8674559156707026, 2.2186656210495888, 4.650928299027744]]
[[34, 34, 31],0.03694430227254276,[2.3531865611608103, 0.9369292985344809, 54.0370063385803]]
[[34, 34, 30],0.02424782972295053,[2.622435016762806, 1.4660909093043923, 30.90627745513695]]
[[34, 34, 29],0.037727564308888004,[2.3760538205388357, 0.9335678223246473, 51.40693065631887]]
[[34, 34, 28],0.023360656712013837,[0.9126829131149805, 2.901826146870485, 64.93222702772374]]
[[34, 34, 27],0.023792039086651694,[0.9102010595563416, 2.9134213684356163, 63.11770475557989]]
[[34, 34, 26],0.024266375144086524,[0.9076973705436484, 2.9250097073227996, 61.25836472262561]]
[[34, 34, 25],0.024789019415529134,[0.9051765629434623, 2.9365553589498616, 59.35385289760463]]
[[34, 34, 24],0.03597734650884801,[0.5899877521772173, 2.2509657991064835, 0.1781394623568323]]
[[34, 34, 23],0.04101013872417068,[2.458097899490556, 0.9220699882965958, 43.138963884107284]]
[[34, 34, 22],0.026714341950119735,[0.897557659800709, 2.9705948030337597, 53.369895178714955]]
[[34, 34, 21],0.02750396536559519,[0.895013797365612, 2.9816381063221806, 51.2866557020905]]
[[34, 34, 20],0.02838605877341006,[0.8924745093780414, 2.992484418826927, 49.160524507119]]
[[34, 34, 19],0.029375186560691942,[0.8899433565921465, 3.0031111778492763, 46.99266996255203]]
[[34, 34, 18],0.030489097467904024,[0.8874235687553492, 3.0134991541245766, 44.78443833448869]]
[[34, 34, 17],0.03174966320386897,[0.8849180520460662, 3.023632530313677, 42.537322389801574]]
[[34, 34, 16],0.033184169065844066,[0.8824294107574342, 3.033498733664117, 40.25292843990838]]
[[34, 34, 15],0.034827120167647385,[0.8799599998923252, 3.043088274014377, 37.932944814160365]]
[[34, 34, 14],0.014422290285971329,[2.1963407361825675, 1.4346437174172373, 0.7985677961448023]]
[[34, 34, 13],0.017786993196631466,[2.3542186676394214, 1.2679706687442787, -0.5141707573522214]]
[[34, 34, 12],0.037693990409206735,[1.0521933935753711, 1.906522697707738, 2.2052685474789357]]
[[34, 34, 11],0.027865342713272914,[2.0410718053948274, 1.1518110165359692, 0.6605279821764808]]
[[34, 34, 10],0.025782831022701742,[1.3005821540802491, 2.1578723684255836, 0.6099887569915476]]
[[34, 34, 9],0.02904869461538853,[1.30652516676661, 2.249322092369794, 0.7811861044162223]]
[[34, 34, 8],0.025633187310927986,[1.5931800427908678, 2.1187432231434253, 0.9142584389249707]]
[[34, 34, 7],0.028405108574917775,[1.8774466854354188, 1.8636197390708704, 1.197800941324794]]
[[34, 34, 6],0.03275178324891287,[1.6539566204145844, 1.6494460137191977, 0.2872728573345226]]
[[34, 34, 5],0.03196278594600849,[1.346897506122532, 1.308698006598952, -6.217850387903962]]
[[34, 34, 4],0.02828671409304024,[2.5382179482719263, 2.4214780984830204, -0.776977026178361]]
[[34, 34, 3],0.025083655532110782,[1.8587421727421776, 2.024147302104864, 11.78736641816786]]
[[34, 34, 2],0.0362157238280556,[1.9065485243235645, 2.017661391654959, 7.741209468966848]]
[[34, 34, 1],0.012402948790219782,[1.3338553492693908, 2.000010328653639, 45.99344320231459]]
[[34, 34, 0],0.012408088397324393,[1.3334224611781795, 1.9999998803582588, 45.32734938680007]]
[[34, 33, 33],0.013267418849802455,[1.5538611831675935, 2.50961840065694, 28.02158732568605]]
[[34, 33, 32],0.03661776468842163,[2.3423435899375034, 0.9382152522598496, 55.31991857510256]]
[[34, 33, 31],0.036968566411972915,[2.353056388979235, 0.9366079452691749, 54.02484999819411]]
[[34, 33, 30],0.012659422331377066,[2.4051280699992112, 0.9090686351989271, 3.1805791112143753]]
[[34, 33, 29],0.02320741826739589,[0.9159835952011255, 2.880526929974362, 66.32091074433636]]
[[34, 33, 28],0.023597352148111345,[0.9135247468476311, 2.8923644507981616, 64.57539175288639]]
[[34, 33, 27],0.027189985102365588,[1.1765571397633257, 2.391919139295876, 18.5937207669325]]
[[34, 33, 26],0.016605320006219806,[0.848462359637125, 1.5153818780794692, 0.0063130789072838745]]
[[34, 33, 25],0.025015225228854656,[0.9059865403743897, 2.928052937534258, 59.0716589406669]]
[[34, 33, 24],0.025588566076820154,[0.9034357673737815, 2.9398830329431953, 57.14619047577747]]
[[34, 33, 23],0.026223535121256702,[0.9008739324922128, 2.9516190471516013, 55.17505716180997]]
[[34, 33, 22],0.026928673160681583,[0.8983056606112183, 2.963226620496645, 53.15855349207247]]
[[34, 33, 21],0.02771409944365748,[0.8957353801363211, 2.97467377749498, 51.09724857786775]]
[[34, 33, 20],0.028591905505405364,[0.8931672626746364, 2.985931421946858, 48.9919683476749]]
[[34, 33, 19],0.0295766743123027,[0.8906051829877364, 2.996973701641469, 46.843772045310935]]
[[34, 33, 18],0.018843411716353262,[0.5577113904692329, 2.24880814057702, 78.82639983661569]]
[[34, 33, 17],0.027521874797856456,[0.8896739975109357, 2.18477951835305, 1.0683065436022638]]
[[34, 33, 16],0.027042760929236385,[2.2310813102364273, 0.8442017169897054, 0.17951125972634396]]
[[34, 33, 15],0.03501082285685186,[0.8804834836281875, 3.0385948381960133, 37.84948896461017]]
[[34, 33, 14],0.0317246776666065,[2.481549764705088, 0.9921557478913102, 2.9431088253711613]]
[[34, 33, 13],0.01715127514440155,[2.3876367305624338, 1.5555464377806432, 3.7351189625515726]]
[[34, 33, 12],0.02556053187450313,[1.180985935282867, 2.0671969852646805, 0.8005011549579848]]
[[34, 33, 11],0.019272567962001018,[2.2241687843023876, 2.1567068168970334, 6.388724831830444]]
[[34, 33, 10],0.02777684763780873,[1.3322810430849494, 2.022355539063465, 1.1811623394563764]]
[[34, 33, 9],0.024711621107797656,[2.208732390575803, 1.5297624088110746, 1.5980659792277256]]
[[34, 33, 8],0.02684360104002874,[2.1853818027620293, 1.5234105732934737, 1.1032235149873206]]
[[34, 33, 7],0.030426766430814586,[1.6377315197269038, 1.986640016871927, 0.9664858704234278]]
[[34, 33, 6],0.031850104809215206,[1.7039278300556073, 1.6878308657019343, 0.3460451300690021]]
[[34, 33, 5],0.03193686898787724,[1.3468051580870932, 1.30911986253599, -6.216091682249966]]
[[34, 33, 4],0.02943047854149854,[1.8507310513484907, 1.7953806228787, -2.6044334195388164]]
[[34, 33, 3],0.03553669651968222,[2.302394618346263, 2.2282125063190312, -1.1791773662628002]]
[[34, 33, 2],0.036274294878413826,[1.9056988690699408, 2.016361667587516, 7.739373677352508]]
[[34, 33, 1],0.012579599201944217,[1.334675329127013, 1.9851027613589791, 45.35087425871725]]
[[34, 33, 0],0.012762667500134384,[1.3333441535282173, 1.9983468638957742, 44.02435336358161]]
[[34, 32, 32],0.03664252410799669,[2.3422263181277736, 0.9378877084745971, 55.30690978590753]]
[[34, 32, 31],0.03699391300108213,[2.352927223740859, 0.9362742697566427, 54.01207356425902]]
[[34, 32, 30],0.03737198452124961,[2.3640918203638024, 0.9346083547016784, 52.70434083891393]]
[[34, 32, 29],0.023466182337573027,[0.9168864979345509, 2.870171438223648, 65.91212353081647]]
[[34, 32, 28],0.014549623796800418,[1.4550031931784448, 2.4351130394201905, 95.6642817957507]]
[[34, 32, 27],0.03869722731219052,[2.4006332552565683, 0.9292765490923501, 48.69595019678293]]
[[34, 32, 26],0.024744199279394904,[0.9094027837994817, 2.906720628255233, 60.62173403431332]]
[[34, 32, 25],0.025259185670341675,[0.9068530703074749, 2.918964275431776, 58.768224755075444]]
[[34, 32, 24],0.025828360803190554,[0.9042838909397315, 2.9311725750476056, 56.86865074017312]]
[[34, 32, 23],0.04107116612561419,[2.4576229166552177, 0.9213100147635046, 43.118243354626]]
[[34, 32, 22],0.04181371134172461,[2.473588044164236, 0.9191501004413343, 41.674919733129364]]
[[34, 32, 21],0.027940505440335883,[0.8965084805541811, 2.9672037705122944, 50.89305177331334]]
[[34, 32, 20],0.028813612881077127,[0.8939095506056839, 2.978898758469786, 48.8101890894538]]
[[34, 32, 19],0.029793598871135158,[0.8913144112844763, 2.990384288121422, 46.68316146806714]]
[[34, 32, 18],0.030898251778551978,[0.8887268939071044, 3.0016344046330365, 44.5131344019856]]
[[34, 32, 17],0.03214948249530487,[0.8861505704398787, 3.0126269194699287, 42.30147478318444]]
[[34, 32, 16],0.03357461428091081,[0.8835886964445557, 3.0233434392649143, 40.049716470210406]]
[[34, 32, 15],0.03520818831794926,[0.8810442354419822, 3.03376930275291, 37.75952518761736]]
[[34, 32, 14],0.037094541704137944,[0.8785199502183344, 3.043893311796935, 35.43266245934956]]
[[34, 32, 13],0.02672040789843065,[1.4496473372139234, 2.6851795259736195, 6.480291304959155]]
[[34, 32, 12],0.04187637534137814,[0.8735427524999927, 3.0632061400327686, 30.6762522576764]]
[[34, 32, 11],0.018057273614297948,[2.1542926735718715, 2.085592265445818, 4.952783393883469]]
[[34, 32, 10],0.021135791174296824,[1.577820394823652, 2.098615893375796, 1.1819207704010481]]
[[34, 32, 9],0.025057782618745094,[1.7951780566871811, 2.0773674626909746, 2.9636214012274524]]
[[34, 32, 8],0.031493842188039384,[2.545722613339398, 1.381029704114615, 1.6272261178280647]]
[[34, 32, 7],0.03012056041807254,[2.0084260893701575, 1.699957526290411, 1.3112384802327146]]
[[34, 32, 6],0.034493930624737726,[1.8972753490867653, 1.8868699235318922, 1.413389092628294]]
[[34, 32, 5],0.03190955989063695,[1.3467051203970202, 1.309567462297409, -6.21423561108774]]
[[34, 32, 4],0.038686925640613365,[2.9124577833273553, 2.7583528954258387, 0.484796277484273]]
[[34, 32, 3],0.02521071222225757,[1.856289414173804, 2.0198045825547037, 11.779806716958957]]
[[34, 32, 2],0.036336623851081384,[1.9047985097383278, 2.0149772851411925, 7.737433608022086]]
[[34, 32, 1],0.01277128174908212,[1.335527957172412, 1.9697163986297732, 44.661367780933375]]
[[34, 32, 0],0.013138925858088513,[1.3333556565262839, 1.9966538407452625, 42.713958334042296]]
[[34, 31, 31],0.02307767033510802,[0.922652165987934, 2.834846466102429, 68.73307413281323]]
[[34, 31, 30],0.037399138662482845,[2.3639512316871034, 0.9342550145584497, 52.69114534569475]]
[[34, 31, 29],0.03780745222698873,[2.3755917322868756, 0.9325279364432496, 51.3700202576175]]
[[34, 31, 28],0.024128849705701276,[0.9153860832720773, 2.8715426212543886, 63.78222619802396]]
[[34, 31, 27],0.024549389136196857,[0.9128827781531456, 2.8840483233849215, 62.04701340714187]]
[[34, 31, 26],0.025012288163961876,[0.9103462113699877, 2.8966273349392355, 60.26710747520072]]
[[34, 31, 25],0.03081318296499783,[1.160615166054065, 0.428837903521872, 59.28302396130488]]
[[34, 31, 24],0.026087563067730274,[0.9051928250517525, 2.9218406330749236, 56.56953003090969]]
[[34, 31, 23],0.026713481193194076,[0.9025861115384585, 2.9343913910322477, 54.6507194765529]]
[[34, 31, 22],0.01670890658939255,[2.3713279069539, 0.9244936741536025, 1.1504023318565144]]
[[34, 31, 21],0.04266814172400689,[2.4900450739049393, 0.9164984435590726, 40.198900387299915]]
[[34, 31, 20],0.029053008306031868,[0.8947063663576933, 2.971337381153433, 48.613737105161725]]
[[34, 31, 19],0.02406192172359279,[2.5576321886946958, 0.80038293562099, 0.2541429058063803]]
[[34, 31, 18],0.031127056252902286,[0.8894508490799793, 2.995022663092797, 44.36090954247996]]
[[34, 31, 17],0.04700072518781371,[2.565651756419665, 0.9067613334145576, 34.085761765202164]]
[[34, 31, 16],0.013802905809926594,[2.410861222197189, 1.3514978962392896, 1.9636708802110165]]
[[34, 31, 15],0.035420766840890426,[0.8816462146267987, 3.028575164884331, 37.66230119101249]]
[[34, 31, 14],0.037301710148906084,[0.8790793377520011, 3.0391566238428425, 35.35061558201316]]
[[34, 31, 13],0.015185126292312256,[1.7215824113346698, 2.1988374362738083, 2.8839428570321526]]
[[34, 31, 12],0.02024829074525179,[2.449523477407189, 1.6626346981139497, 5.544553992571914]]
[[34, 31, 11],0.030926949665919395,[1.0440799846290592, 2.1671677062756207, 0.2789068767254498]]
[[34, 31, 10],0.021520066515902048,[1.5228353669189023, 2.0933011441225124, 0.9242170851130332]]
[[34, 31, 9],0.027021715908103185,[2.3152600749662757, 2.2596517488780576, 7.024061941487621]]
[[34, 31, 8],0.03138649443539521,[1.5420288743488426, 2.249836090614405, 2.1539568386784564]]
[[34, 31, 7],0.03046092090396273,[1.9326681075947032, 1.9930529758789295, 2.261728983859649]]
[[34, 31, 6],0.03259848536414014,[1.727472714844135, 1.742229447062652, 0.483943528544021]]
[[34, 31, 5],0.03188074324408176,[1.3465965190365228, 1.3100432093941938, -6.212273839355944]]
[[34, 31, 4],0.03855610727703281,[2.9163592628136565, 2.761425785909863, 0.48369798054472035]]
[[34, 31, 3],0.02528072502802914,[1.8549476128550846, 2.0174093960786923, 11.775729089938443]]
[[34, 31, 2],0.020881492318287027,[1.4369916887529721, 1.6128879125184152, 0.39198751865562004]]
[[34, 31, 1],0.012979606422781155,[1.3364388647420582, 1.953873852370152, 43.92044024398177]]
[[34, 31, 0],0.013538944589500102,[1.3333679432561514, 1.9949195340089911, 41.40212893537958]]
[[34, 30, 30],0.03742757055750696,[2.363812131377039, 0.933887509319746, 52.67723801213688]]
[[34, 30, 29],0.0240493192306392,[0.9188835139778206, 2.847415803544768, 65.00414020250393]]
[[34, 30, 28],0.03827857000310848,[2.387580458900242, 0.9303622880661642, 50.02108179853266]]
[[34, 30, 27],0.02484446628437752,[0.9139050393285029, 2.872906893370618, 61.63556162228623]]
[[34, 30, 26],0.025302874097989616,[0.9113571619542065, 2.8858321356570267, 59.885287975844605]]
[[34, 30, 25],0.015686491872142334,[0.9280457325809457, 2.1091344946801587, 0.6204629386485703]]
[[34, 30, 24],0.026368465213888182,[0.9061681977374794, 2.911831327188584, 56.24668530484726]]
[[34, 30, 23],0.04113828409979109,[2.457127721205852, 0.9204846786199178, 43.0951964850912]]
[[34, 30, 22],0.04188287647723841,[2.4730575676698154, 0.9183088311988179, 41.652526470264974]]
[[34, 30, 21],0.028449916776055847,[0.8982297680262658, 2.9505393830382673, 50.43373963392447]]
[[34, 30, 20],0.02931219747923882,[0.8955633066774162, 2.9631923498823722, 48.400972787113986]]
[[34, 30, 19],0.030281137186017666,[0.8928951018611626, 2.9756547513669265, 46.321398747213266]]
[[34, 30, 18],0.03137457434843843,[0.890229844460972, 2.987892086522381, 44.195922982387394]]
[[34, 30, 17],0.032614470326071565,[0.8875719149955709, 2.9998738847019686, 42.0257189859001]]
[[34, 30, 16],0.03402819808136387,[0.8849253648833382, 3.0115739965308306, 39.81219414546339]]
[[34, 30, 15],0.03565034669178008,[0.8822939302975529, 3.0229706924463318, 37.556951300480925]]
[[34, 30, 14],0.037525298439497284,[0.8796810878707771, 3.0340465655045143, 35.26174824272594]]
[[34, 30, 13],0.03971099242839407,[0.8770901726076982, 3.044788258046369, 32.928456992571654]]
[[34, 30, 12],0.019275402296506303,[2.356519953733377, 2.2914296617963186, 9.654354458417123]]
[[34, 30, 11],0.018373841103022173,[2.145808528777754, 2.145396705565997, 5.453320915275895]]
[[34, 30, 10],0.022361553648745553,[1.5030471298545511, 2.2008965221908054, 1.323222152566185]]
[[34, 30, 9],0.025528538796208408,[1.4608880330249292, 1.923144247613945, 0.5210957066528041]]
[[34, 30, 8],0.029393764192792018,[2.136129753554851, 1.470115268328901, 1.2351746414813771]]
[[34, 30, 7],0.03072062786441751,[1.6720569501138614, 2.1331060427689206, 1.514143205603555]]
[[34, 30, 6],0.03234842775949689,[1.7189216597252868, 1.749302987308735, 0.46930921578818124]]
[[34, 30, 5],0.02814415860371909,[2.945965358278205, 2.7520421510154636, 0.4412481902780191]]
[[34, 30, 4],0.03841806979641768,[2.92045911935376, 2.764701524254786, 0.4825486786613631]]
[[34, 30, 3],0.01311478342295505,[1.3464322353780378, 1.9378869759947237, 44.41343877507289]]
[[34, 30, 2],0.013166293445507356,[1.3413327935743204, 1.9376417833132389, 43.79455333826756]]
[[34, 30, 1],0.013206374851154265,[1.337411124630141, 1.9376159124375953, 43.12645494054376]]
[[34, 30, 0],0.013965081614883757,[1.333381069692911, 1.993142491267377, 40.0888465672119]]
[[34, 29, 29],0.02437890819420734,[0.9199875366477458, 2.8349237295337253, 64.50014609056896]]
[[34, 29, 28],0.038309953527817964,[2.3874128838907542, 0.9299642863419737, 50.006968660232985]]
[[34, 29, 27],0.025165138403672956,[0.9150004700275395, 2.86100375714835, 61.19282539127853]]
[[34, 29, 26],0.025618669152857126,[0.9124414330322612, 2.8742789809332647, 59.47380815511249]]
[[34, 29, 25],0.03987705667355774,[2.4271865051044985, 0.9242064630710942, 45.906344922569154]]
[[34, 29, 24],0.021036177335678717,[2.733471779023294, 1.515508086601232, 22.108165619481657]]
[[34, 29, 23],0.02728881558657259,[0.9045603990894395, 2.9145212043322344, 54.038578594240754]]
[[34, 29, 22],0.027973370664301972,[0.9018831913756649, 2.927917726406865, 52.13102842904726]]
[[34, 29, 21],0.04274315488368392,[2.4894636681304068, 0.9156031177339503, 40.17593319189213]]
[[34, 29, 20],0.02959361658797948,[0.8964866449201578, 2.9544021571326105, 48.17004133990043]]
[[34, 29, 19],0.03055617111436659,[0.8937781851015449, 2.9674014948840193, 46.11707314289918]]
[[34, 29, 18],0.031021197028682907,[2.33282815550326, 0.9256749413869261, 5.001082718020229]]
[[34, 29, 17],0.0328764208998817,[0.8883665168045173, 2.9927170828986505, 41.869840219046765]]
[[34, 29, 16],0.03428351181767836,[0.8856726766560665, 3.0049668350271173, 39.67792979728875]]
[[34, 29, 15],0.020147870678722424,[2.789955374624563, 1.5742039710086548, 9.328377864314167]]
[[34, 29, 14],0.03776729719273962,[0.8803300008997719, 3.0285192448789977, 35.1652176078593]]
[[34, 29, 13],0.03994636820350787,[0.8776888122064822, 3.0397836653694594, 32.84804141587508]]
[[34, 29, 12],0.04251337186124602,[0.8750727330462094, 3.0506886022561943, 30.49293704943987]]
[[34, 29, 11],0.035725638158335966,[2.2091937515941495, 0.957584904628735, 0.5730857271168459]]
[[34, 29, 10],0.01953755960407934,[2.091947575989514, 2.017898506690041, 3.6221372671828784]]
[[34, 29, 9],0.02700264076911941,[2.265943354683439, 1.4428093097232655, 1.7570853665422164]]
[[34, 29, 8],0.031093082255012353,[1.5020107624978543, 2.1232527424689267, 1.606135419807735]]
[[34, 29, 7],0.030509454741263313,[1.6978404515775898, 1.9967836522666504, 1.2886289732834073]]
[[34, 29, 6],0.03414974926126253,[1.579289507274539, 2.051290048224721, 0.739218730774323]]
[[34, 29, 5],0.03181805803954672,[1.346349469171231, 1.3110903355292551, -6.207994836587162]]
[[34, 29, 4],0.02790538828206918,[2.5646366109469043, 2.4455317246936654, -0.7564215637480051]]
[[34, 29, 3],0.03527416940578669,[2.3260958774009777, 2.250771827027595, -1.1440016938496123]]
[[34, 29, 2],0.0365501587946202,[1.901743346821396, 2.0102246222493614, 7.730892486497596]]
[[34, 29, 1],0.01345360755001312,[1.33844795423986, 1.9209903867298224, 42.27827200243271]]
[[34, 29, 0],0.014420019118008838,[1.3333951130835995, 1.9913211916381095, 38.774093318450014]]
[[34, 28, 28],0.015262810871073233,[2.340383894816086, 0.7896763981792609, 0.14492801049293935]]
[[34, 28, 27],0.03882334862135661,[2.3999002335560244, 0.9276832430258736, 48.642043499327556]]
