[[35, 35, 35],0.014135990551730223,[0.9905799997292178, 2.3514445158237027, 106.5214303291263]]
[[35, 35, 34],0.035222995187232355,[2.331891405723305, 0.9401251864227125, 58.318100904150384]]
[[35, 35, 33],0.035529834431365856,[2.341863385362378, 0.938620408221751, 57.03552640532073]]
[[35, 35, 32],0.0358586517896312,[2.352249713049584, 0.9370681833142345, 55.74112948454232]]
[[35, 35, 31],0.021924955372932455,[0.917837038447135, 2.8774501191850694, 70.64258879887652]]
[[35, 35, 30],0.022259645135019636,[0.9154861358073707, 2.888612748300575, 68.92107981456331]]
[[35, 35, 29],0.02386654199785036,[0.9505210876218849, 2.2624660900417988, 11.64629993639753]]
[[35, 35, 28],0.03744301580489202,[2.3983997968341146, 0.9303506084420482, 50.431404926497265]]
[[35, 35, 27],0.023463825845743594,[0.9082706882267323, 2.922364226620056, 63.50167407551587]]
[[35, 35, 26],0.023945446671155272,[0.9058254338723333, 2.933593410763518, 61.60815120716382]]
[[35, 35, 25],0.024475494775126234,[0.9033673033297683, 2.9447577042122863, 59.670664435938924]]
[[35, 35, 24],0.03962625582717183,[2.4532234699920026, 0.9227289288543519, 44.870423432167]]
[[35, 35, 23],0.029293638899306307,[2.4881992731648213, 0.6357145089183758, 0.11032463171510942]]
[[35, 35, 22],0.02642348984073758,[0.8959571475553014, 2.977559442598684, 53.59684520429744]]
[[35, 35, 21],0.02722073719943474,[0.8934880825239979, 2.988172704806621, 51.487128752898116]]
[[35, 35, 20],0.028110444563086198,[0.8910253507222682, 2.9985869440313064, 49.33640382512221]]
[[35, 35, 19],0.029107151665561718,[0.8885720290308315, 3.0087832780088632, 47.14587519335668]]
[[35, 35, 18],0.03022858402236445,[0.8861308968110527, 3.018745839764952, 44.91689433611878]]
[[35, 35, 17],0.031496591868095856,[0.8837044474383768, 3.028461736206862, 42.6509306071594]]
[[35, 35, 16],0.03293844102185516,[0.8812949188931691, 3.0379209166158625, 40.349542456005004]]
[[35, 35, 15],0.034588619282987745,[0.8789043466980421, 3.0471159649391493, 38.01434997116124]]
[[35, 35, 14],0.0335303743918732,[0.8667767883188733, 2.341892735442506, 0.3991268882588722]]
[[35, 35, 13],0.03870468234839806,[0.8741877695718367, 3.064695376141026, 33.24918874358223]]
[[35, 35, 12],0.04130547986294266,[0.871865882812157, 3.0730751394981004, 30.822551139148455]]
[[35, 35, 11],0.026942447803786417,[2.3844536569625805, 1.095210623337545, 0.4105035337653867]]
[[35, 35, 10],0.02392838486549756,[1.3829255330429506, 2.112355814901835, 0.6483254604582428]]
[[35, 35, 9],0.02452058810967568,[1.6169955183623923, 1.5453301079507438, 0.17167135613286286]]
[[35, 35, 8],0.031295607722673216,[2.256367018790862, 1.444064221905128, 1.649077657498682]]
[[35, 35, 7],0.03090289547008159,[1.660853853030778, 2.0271439155822364, 1.2144810933528085]]
[[35, 35, 6],0.03422533341651274,[1.8981341709416262, 1.905453287177992, 1.4141325728989467]]
[[35, 35, 5],0.03204674158071469,[1.3468296999112277, 1.3096097133136997, -6.213564464478142]]
[[35, 35, 4],0.03912132419753435,[2.898553728319286, 2.7508976426111036, 0.4881928617773932]]
[[35, 35, 3],0.024956502984691948,[1.8626624776997727, 2.023615486223109, 11.789542038858293]]
[[35, 35, 2],0.03459408110371576,[1.5533583843298713, 1.5530502003591404, 0.4492523723698327]]
[[35, 35, 1],0.012048854637551447,[1.3340097506075745, 2.0000165472017666, 47.315580032783934]]
[[35, 35, 0],0.012053571428582351,[1.3333333333336572, 1.9999999999996378, 46.66666666591976]]
[[35, 34, 34],0.03524486583315272,[2.3317866755532206, 0.9398241485276658, 58.305488108250756]]
[[35, 34, 33],0.011373286251454695,[2.655258399745818, 0.8303595417055042, 0.6252588679731285]]
[[35, 34, 32],0.03588151571611237,[2.3521240556584515, 0.93675631862393, 55.728945246453634]]
[[35, 34, 31],0.03623506424624737,[2.3629357111205427, 0.9351493841258379, 54.422290699860135]]
[[35, 34, 30],0.02248624884555533,[0.916307593431097, 2.879127692465496, 68.53609796201705]]
[[35, 34, 29],0.022849003690055686,[0.9139239765432619, 2.890608311906632, 66.79670458827903]]
[[35, 34, 28],0.03746814697934277,[2.3982280795336024, 0.9300156191736723, 50.42016137054566]]
[[35, 34, 27],0.023681388829907238,[0.9090739010864896, 2.913704819968676, 63.18925276294965]]
[[35, 34, 26],0.024159684280053113,[0.9066160598940385, 2.925252252856464, 61.319810788046276]]
[[35, 34, 25],0.024686266085827368,[0.9041422082396402, 2.9367534101615185, 59.40604824791555]]
[[35, 34, 24],0.025267331719056464,[0.9016567202355175, 2.9481748804172208, 57.44790702490277]]
[[35, 34, 23],0.025910119048672773,[0.8991638708580144, 2.9594846879062167, 55.445590481255664]]
[[35, 34, 22],0.026623141237083904,[0.896667774252701, 2.970652832740004, 53.39955672373486]]
[[35, 34, 21],0.027416489526120098,[0.8941723304934286, 2.9816517463234735, 51.3105051649087]]
[[35, 34, 20],0.042811622571417504,[2.5186109618200003, 0.9136806686953827, 38.98180917333163]]
[[35, 34, 19],0.02929491147320692,[0.8891976980084851, 3.0030457796014014, 47.00723179297656]]
[[35, 34, 18],0.030412282585147877,[0.8867249355607839, 3.0134005523876852, 44.79541875822848]]
[[35, 34, 17],0.017208085492924345,[1.1792643555935929, 2.078357214225706, 0.8851365890631776]]
[[35, 34, 16],0.03311396504810815,[0.8818224062264206, 3.03334844651044, 40.258562066874674]]
[[35, 34, 15],0.03476005904878015,[0.8793974289325498, 3.042919837083408, 37.936681957912405]]
[[35, 34, 14],0.036658790275189944,[0.8769928859257954, 3.052212957774191, 35.58138351373004]]
[[35, 34, 13],0.038868024427668596,[0.874610921792734, 3.061223330170462, 33.194369343898295]]
[[35, 34, 12],0.04146483072937702,[0.8722538998878205, 3.069948284788392, 30.77734616347959]]
[[35, 34, 11],0.020695551974093142,[1.4482716774463549, 2.0050725592416807, 0.6253110530318878]]
[[35, 34, 10],0.02025608003741291,[1.703209552612826, 2.0575673513649178, 1.5615041966419971]]
[[35, 34, 9],0.02582441301502712,[2.1392766335557507, 1.3965518899828089, 0.7839803860509666]]
[[35, 34, 8],0.030603567058873172,[2.073317905461289, 1.4977487861357601, 1.481212124453863]]
[[35, 34, 7],0.03028467854371132,[2.0317875888987924, 1.9265208792695991, 2.3238703552786997]]
[[35, 34, 6],0.035232947939423394,[2.0079798128953836, 1.9160412656693897, 1.9171161570913857]]
[[35, 34, 5],0.03202209708290793,[1.3467442565743744, 1.3100078664242059, -6.211896291788245]]
[[35, 34, 4],0.03900936437248447,[2.9018980963178453, 2.753452112906467, 0.48723727190285215]]
[[35, 34, 3],0.025014307270737265,[1.8615285712099074, 2.021642688749636, 11.786020975488931]]
[[35, 34, 2],0.03615210053808743,[1.9083512426719438, 2.016003698433785, 7.740910222515788]]
[[35, 34, 1],0.0348159229131879,[1.785394159727199, 1.80898736932831, 8.921284600841707]]
[[35, 34, 0],0.012387903976133256,[1.3334425434357002, 1.9982420428292842, 45.35073008135784]]
[[35, 33, 33],0.035575508626637935,[2.3416348814171957, 0.9379963276674049, 57.01011234441336]]
[[35, 33, 32],0.03590536914207503,[2.3519993876599976, 0.9364328522035265, 55.71615802801802]]
[[35, 33, 31],0.022401089298427268,[0.9195331619025164, 2.857433842925935, 69.79749122125409]]
[[35, 33, 30],0.036640361662755486,[2.3740585268057846, 0.9331560729854648, 53.090139847463895]]
[[35, 33, 29],0.03705090328552477,[2.3858014441770856, 0.9314392615481915, 51.756614180340435]]
[[35, 33, 28],0.037494399856528166,[2.3980548159989783, 0.9296677234763749, 50.40834877513658]]
[[35, 33, 27],0.03797464255170883,[2.4108470333375047, 0.9278395404538442, 49.04447466213066]]
[[35, 33, 26],0.03849601127442394,[2.4242084369326595, 0.9259527221700856, 47.664058893654534]]
[[35, 33, 25],0.024913051487863037,[0.9049698429877224, 2.928207633414229, 59.121948406346206]]
[[35, 33, 24],0.025490204347228488,[0.9024646692618951, 2.9399988574806053, 57.18852362415333]]
[[35, 33, 23],0.026128947226916676,[0.8999491004111333, 2.95169449216975, 55.210230905349505]]
[[35, 33, 22],0.026837808887218744,[0.8974274846939272, 2.9632615331447933, 53.187361250556215]]
[[35, 33, 21],0.027626897351546102,[0.8949039905947825, 2.9746692376393886, 51.12046611466993]]
[[35, 33, 20],0.028669220455592906,[2.33883173734583, 0.9442668188873686, 6.413549221873682]]
[[35, 33, 19],0.04386038918758362,[2.5367171127853845, 0.9109191514494445, 37.4432469255345]]
[[35, 33, 18],0.02599934581895679,[0.8921756558318734, 2.187322974793308, 1.2469414885657237]]
[[35, 33, 17],0.03186893796294912,[0.884865825208318, 3.018193364496035, 42.43172779256719]]
[[35, 33, 16],0.014745554974746866,[2.244357162041489, 1.2317011696983828, 0.4167228035407007]]
[[35, 33, 15],0.026574638507520308,[0.9230330884546409, 2.457716711008647, 0.1664905762649155]]
[[35, 33, 14],0.03683808179658249,[0.877482551964686, 3.0481112812149243, 35.51084516782678]]
[[35, 33, 13],0.025199769033775198,[6.04038855727462, 4.628902509167709, 0.33429624980113287]]
[[35, 33, 12],0.03235258404808646,[1.0130951518027758, 2.3731520744648824, 0.9206066118128259]]
[[35, 33, 11],0.03512708850029669,[1.0157979379378728, 2.102420363681984, 0.6485016665602268]]
[[35, 33, 10],0.02211658644368261,[2.1351982705720585, 1.4322758118539558, 0.8053607468458206]]
[[35, 33, 9],0.02503485523347448,[2.1816834689604483, 1.5980317822718726, 2.1037667731965732]]
[[35, 33, 8],0.030534110046057772,[2.1217260169249843, 1.3323122956698132, 0.5894262553188818]]
[[35, 33, 7],0.030437556790563768,[2.0272293318757098, 2.009845653507184, 2.6550342955133415]]
[[35, 33, 6],0.03563525918326889,[1.9693002515423554, 1.9031399317166198, 1.8198573232842046]]
[[35, 33, 5],0.02857147061086132,[2.9267001826580334, 2.740685081922536, 0.4456224563132626]]
[[35, 33, 4],0.028278176949197948,[2.5394749065227997, 2.425760615136475, -0.7745750544046431]]
[[35, 33, 3],0.02507579408097623,[1.8603278278067965, 2.0195430248771373, 11.78232238841673]]
[[35, 33, 2],0.036210664278635056,[1.907496621827239, 2.014705019555667, 7.739070763957373]]
[[35, 33, 1],0.012396332432204291,[1.3354069197859897, 1.9706058542830742, 45.994904880803986]]
[[35, 33, 0],0.01274205827426056,[1.3333543720914427, 1.9967516436196269, 44.04735271147459]]
[[35, 32, 32],0.022368674105246417,[0.9227714981354203, 2.834825998038451, 70.93889733271]]
[[35, 32, 31],0.025276721759339607,[2.3435767126034763, 0.5218304995232307, -2.522421237536417]]
[[35, 32, 30],0.022993385476924574,[0.9181174025275759, 2.8583570790361694, 67.68451763283525]]
[[35, 32, 29],0.03707767367255348,[2.3856404443212695, 0.9310843938651576, 51.74392421542482]]
[[35, 32, 28],0.012897951122582792,[2.406199143538767, 0.8674269604113175, 0.22002027733423202]]
[[35, 32, 27],0.024168140749237406,[0.9108467832440523, 2.8946397352889024, 62.495061683398774]]
[[35, 32, 26],0.024638909469354982,[0.9083623368254852, 2.9068571479005505, 60.67824002382987]]
[[35, 32, 25],0.02515762862165947,[0.905854888498751, 2.919073575893154, 58.816512101693846]]
[[35, 32, 24],0.03971387985718029,[2.4525378448360997, 0.9216053640858963, 44.83823230981304]]
[[35, 32, 23],0.026364852074363832,[0.9007895764369669, 2.9433514647040204, 54.95678905533117]]
[[35, 32, 22],0.04114084446254702,[2.4837652095256053, 0.9173725642017972, 41.94508177559081]]
[[35, 32, 21],0.027853596734899864,[0.8956876653530113, 2.9671798666628653, 50.91559692271118]]
[[35, 32, 20],0.028730236927914692,[0.8931339583233012, 2.978841889654843, 48.82807187899481]]
[[35, 32, 19],0.029713683236658937,[0.8905838316809885, 2.9902967227202204, 46.697044808435116]]
[[35, 32, 18],0.030821715541272866,[0.8880410012961495, 3.0015192029383773, 44.523639680958944]]
[[35, 32, 17],0.046314590343609414,[2.575929904540005, 0.9055235396512811, 34.292901967968746]]
[[35, 32, 16],0.033504566340213905,[0.8829906108717707, 3.02318437563227, 40.05513200062628]]
[[35, 32, 15],0.035141238596630556,[0.8804890507932488, 3.0335946831819802, 37.763119819378836]]
[[35, 32, 14],0.037030587880252507,[0.8780068942879607, 3.043707579463274, 35.434843533939905]]
[[35, 32, 13],0.03923050927135743,[0.8755467756169211, 3.0535149727449515, 33.072071389416585]]
[[35, 32, 12],0.02180457717356776,[2.2929589292918306, 1.1736821387801708, 0.36728850179891626]]
[[35, 32, 11],0.026254776242004178,[1.207591653123113, 2.1759747569220145, 0.6803202433147207]]
[[35, 32, 10],0.03324420083766369,[5.750679837092228, 0.8245636769242671, 3.806736917857761]]
[[35, 32, 9],0.027067333294959608,[2.2266213300891975, 1.3950107644411818, 1.2646548135760625]]
[[35, 32, 8],0.028386255618904507,[2.0740324807425865, 1.4362158006126484, 0.7007601720224362]]
[[35, 32, 7],0.03051161150226806,[2.0349790353158537, 2.0238093261675183, 2.757375188825707]]
[[35, 32, 6],0.03360478745277825,[1.8428438497896378, 1.831386128561418, 0.9935970751581608]]
[[35, 32, 5],0.03196883661952761,[1.3465518449020266, 1.3108771142659423, -6.208282760523994]]
[[35, 32, 4],0.02820655829061481,[2.544460596028923, 2.4302946952627127, -0.7706206440689005]]
[[35, 32, 3],0.012521125485497164,[1.3436402457639653, 1.9555131142645534, 46.52739110262833]]
[[35, 32, 2],0.03627298519898499,[1.9065910237774504, 2.0133217427324603, 7.737126821050499]]
[[35, 32, 1],0.012592162231470149,[1.336264697006901, 1.9552487640880507, 45.25629880793726]]
[[35, 32, 0],0.013117878791395424,[1.3333659184504099, 1.9950697797982226, 42.73561685547557]]
[[35, 31, 31],0.03631164222689747,[2.3625302010469076, 0.9341228278390743, 54.38265647058652]]
[[35, 31, 30],0.03669380437843478,[2.3737633253091492, 0.9324457454891546, 53.06356617547527]]
[[35, 31, 29],0.023630695825933006,[0.9167234283828075, 2.859245340261828, 65.55418999814057]]
[[35, 31, 28],0.024017109789335887,[0.9142925927508145, 2.8716410006553508, 63.853155575387]]
[[35, 31, 27],0.03803230122159654,[2.4104685933056467, 0.9270880051826644, 49.019520523429556]]
[[35, 31, 26],0.024907764557734607,[0.9093276175690566, 2.896707625313558, 60.32097487529552]]
[[35, 31, 25],0.03912444057656628,[2.4377326970623634, 0.9232248411642306, 46.242310444379115]]
[[35, 31, 24],0.025990279258797582,[0.9042551390729293, 2.9218794816763656, 56.60865403522229]]
[[35, 31, 23],0.026619795441090985,[0.9016905026331183, 2.9344039756070597, 54.68342365312763]]
[[35, 31, 22],0.041174818221890695,[2.483493363662928, 0.9169514368932021, 41.93383571364735]]
[[35, 31, 21],0.028098464436866376,[0.8965284865419951, 2.9591331553434266, 50.6943062485421]]
[[35, 31, 20],0.02896988563401368,[0.8939404224653987, 2.971264452191436, 48.63109619194452]]
[[35, 31, 19],0.02994802175097076,[0.891353535175668, 2.983195844307264, 46.52303988059367]]
[[35, 31, 18],0.031050675590097384,[0.8887719115444429, 2.9948982225076395, 44.37115126999141]]
[[35, 31, 17],0.03229977368091263,[0.8861993431896421, 3.006346220772319, 42.17666991560142]]
[[35, 31, 16],0.012445139847850697,[2.3109380543823783, 2.2183137690347774, 10.537740120046893]]
[[35, 31, 15],0.03535387948759305,[0.8810950723868497, 3.0283970796044715, 37.665816529637404]]
[[35, 31, 14],0.03723779883574713,[0.8785696042980583, 3.038968507540658, 35.35274633251342]]
[[35, 31, 13],0.03943232727748678,[0.8760658475817991, 3.049222221066699, 33.00361565871554]]
[[35, 31, 12],0.02894005002082664,[2.197131153339545, 1.0040670654869357, 0.35730867266587535]]
[[35, 31, 11],0.020022020856902165,[1.63879693273028, 2.2454118163539425, 2.733658374975593]]
[[35, 31, 10],0.021847844816520356,[2.0729797452146195, 1.4436874425294803, 0.6698232760286656]]
[[35, 31, 9],0.028341509724058994,[1.5189327332221196, 2.4855154542252897, 2.6294684619398225]]
[[35, 31, 8],0.029135367824726605,[2.448414190755037, 1.3508777397939347, 0.919188195861259]]
[[35, 31, 7],0.0302278492308259,[2.0323942085530353, 1.9907864266498707, 2.580485652072482]]
[[35, 31, 6],0.034201754539991316,[1.8962407084055453, 1.8439347997131497, 1.2481237495129276]]
[[35, 31, 5],0.03194000115636222,[1.3464432355387166, 1.3113527482431406, -6.206321641763953]]
[[35, 31, 4],0.02940492269492974,[1.8480332777154909, 1.79598440525011, -2.6094143047263882]]
[[35, 31, 3],0.02521131812921318,[1.857700608069201, 2.0149107833316435, 11.774340787815639]]
[[35, 31, 2],0.03633943674469778,[1.9056297473769455, 2.011845331589438, 7.735069382696124]]
[[35, 31, 1],0.023642093034775994,[0.396652134037982, 1.9472336944688398, 60.73618053168513]]
[[35, 31, 0],0.013517445973950493,[1.3333782323593726, 1.9933477049043926, 41.42247134448023]]
[[35, 30, 30],0.03672241022792788,[2.3736174289644376, 0.9320693119308632, 53.04920440476455]]
[[35, 30, 29],0.037135022274181397,[2.3853189497930827, 0.930331722336857, 51.71647752228711]]
[[35, 30, 28],0.028001300349268142,[2.6342029086107956, 1.519844253603371, 30.890809994412624]]
[[35, 30, 27],0.024737263013994135,[0.9128735544113755, 2.8729330607639327, 61.69436223526797]]
[[35, 30, 26],0.03858698603391837,[2.4235929034484527, 0.9247801496663475, 47.62647978198148]]
[[35, 30, 25],0.02570858569241445,[0.907818106256588, 2.8988339631068363, 58.13330159400029]]
[[35, 30, 24],0.026271775505575884,[0.9052485071253893, 2.9118288168194053, 56.28407607906722]]
[[35, 30, 23],0.026896032179832944,[0.9026576159954485, 2.924795407776233, 54.38808986046919]]
[[35, 30, 22],0.02758993821239333,[0.9000504943737391, 2.937690718810628, 52.44500703249278]]
[[35, 30, 21],0.02836366140530325,[0.897432175769255, 2.9504729210721354, 50.454804425577805]]
[[35, 30, 20],0.04295317319475182,[2.5173931587300267, 0.9119674925065209, 38.940591346912676]]
[[35, 30, 19],0.030201638022240674,[0.892181462526084, 2.9755416994570782, 46.334504434354116]]
[[35, 30, 18],0.03129836166190071,[0.8895582955089752, 2.9877577016177836, 44.205881663715225]]
[[35, 30, 17],0.03928163897449669,[2.18107073812081, 0.659529375450968, 0.10966342351847806]]
[[35, 30, 16],0.033958331924543096,[0.8843373520466122, 3.0114047042818477, 39.817357514106625]]
[[35, 30, 15],0.035583526840716515,[0.8817470921534138, 3.022788853005119, 37.56038121907948]]
[[35, 30, 14],0.016566920294910047,[1.7583010905709373, 1.62868504664063, 2.006968855833912]]
[[35, 30, 13],0.03964998618775696,[0.8766240213374048, 3.0445925023382925, 32.929511451373415]]
[[35, 30, 12],0.04222631761814465,[0.8740978346057859, 3.054988969708721, 30.559340138715548]]
[[35, 30, 11],0.022299984438593833,[1.5467335946595384, 1.563189097501358, 0.2786185397837817]]
[[35, 30, 10],0.02726670460750416,[1.4095010190928148, 2.42331199395232, 2.4302114785535585]]
[[35, 30, 9],0.022562501481748383,[2.1612901000184754, 1.8559947422715322, 2.9042668023273848]]
[[35, 30, 8],0.030675003542810705,[1.4966738278076355, 2.157134362106598, 1.5214744126860322]]
[[35, 30, 7],0.03052933433442758,[2.0294258552420765, 2.040996658086156, 2.8187693096100768]]
[[35, 30, 6],0.035427901827657544,[1.9186801151655009, 1.9040077448053534, 1.6560880994630014]]
[[35, 30, 5],0.03190952838285867,[1.3463250657261978, 1.311859231841092, -6.20424552663657]]
[[35, 30, 4],0.028050584155544397,[2.5551849378577214, 2.440122992919114, -0.762260699007137]]
[[35, 30, 3],0.03540076361649625,[2.317068236068141, 2.2443562367930037, -1.1554424390929274]]
[[35, 30, 2],0.03641044353515864,[1.9046074930147339, 2.0102660640594516, 7.7328883924758935]]
[[35, 30, 1],0.013036003336958663,[1.3381510398386345, 1.9233998048163732, 43.623459826308064]]
[[35, 30, 0],0.013943117172628187,[1.3333913778054431, 1.991584036810429, 40.10789926892362]]
[[35, 29, 29],0.03716578450451022,[2.385159680448942, 0.9299322170452566, 51.701607697636604]]
[[35, 29, 28],0.024643900999054474,[0.9164811507106556, 2.847814122813499, 62.93031042121523]]
[[35, 29, 27],0.03809565543473707,[2.4100854897078374, 0.9262734580947838, 48.991750580679806]]
[[35, 29, 26],0.011369394398419986,[1.1246511388174616, 2.344070677784674, 2.35396250394835]]
[[35, 29, 25],0.02601997852266147,[0.9089078699277539, 2.8876153373993856, 57.75087736745815]]
[[35, 29, 24],0.032091391462255675,[2.385278516003888, 0.8783200623044825, 9.395959172038918]]
[[35, 29, 23],0.02283269737758198,[0.7693375606287268, 2.169400842004425, 0.11128045287763366]]
[[35, 29, 22],0.033922865600773205,[2.315092184977496, 0.9278556434423114, 9.447104259527222]]
[[35, 29, 21],0.028651685472178546,[0.8984051129191213, 2.9411367568636106, 50.19507948492387]]
[[35, 29, 20],0.029511060720803128,[0.8957417702148048, 2.9542936993893814, 48.18624185106513]]
[[35, 29, 19],0.030476905395326055,[0.893073811724465, 2.9672742769978995, 46.12974724672738]]
[[35, 29, 18],0.0451563645517752,[2.5546039857922187, 0.9066291545076051, 35.84651020515175]]
[[35, 29, 17],0.03280356003272105,[0.8877435130498296, 2.992555811680524, 41.876955059896375]]
[[35, 29, 16],0.03421374808462114,[0.885090198152527, 3.004791787488296, 39.68295213571569]]
[[35, 29, 15],0.03583225370086007,[0.8824502871846647, 3.016722114192919, 37.44581350658034]]
[[35, 29, 14],0.02452739218511352,[0.4334987309427236, 1.8455091704404702, 76.50843396069816]]
[[35, 29, 13],0.03988539376826199,[0.8772257392943383, 3.039586030674644, 32.849059956311]]
[[35, 29, 12],0.01566409492083432,[2.1000020494389084, 2.064660526076872, 4.474102857572967]]
[[35, 29, 11],0.02375858036576351,[1.408240247558543, 2.269415956455673, 2.178009894499152]]
[[35, 29, 10],0.02074583158129867,[1.6413952822522457, 2.066523767397569, 1.4352755375567139]]
[[35, 29, 9],0.026641321789037768,[2.1495126766998474, 1.3173895757787413, 0.5311738059214139]]
[[35, 29, 8],0.028915781220349684,[2.2712786236101725, 1.7097666760210164, 2.969508950725917]]
[[35, 29, 7],0.029849494810421633,[2.0160367916794146, 1.9769861685020447, 2.4116652958374156]]
[[35, 29, 6],0.034534131203406815,[1.9046070518359381, 1.9066324657150282, 1.5087386602759085]]
[[35, 29, 5],0.03187727456375282,[1.3461961843110244, 1.312399629052305, -6.20204397361765]]
[[35, 29, 4],0.03835406544108269,[2.9212562851476367, 2.768852755405997, 0.48177075584519624]]
[[35, 29, 3],0.03532900693368758,[2.323387118066824, 2.2504018287766834, -1.1462132961265974]]
[[35, 29, 2],0.03648649043774706,[1.9035182673260744, 2.008572816074415, 7.730572627715117]]
[[35, 29, 1],0.013287796295482587,[1.3391853890110803, 1.9070002468889364, 42.727582156676455]]
[[35, 29, 0],0.014397573970925072,[1.3334054329296787, 1.9897773090687623, 38.79188432835793]]
[[35, 28, 28],0.024999492721296913,[0.9176917247935786, 2.8347055935062926, 62.416947530007185]]
[[35, 28, 27],0.03812973754412124,[2.409893615618465, 0.9258401192201378, 48.97665913211401]]
[[35, 28, 26],0.038655380324213846,[2.4231736383816274, 0.9239140062200737, 47.59777286545835]]
[[35, 28, 25],0.0263593050927372,[0.91007824786013, 2.8755826033341045, 57.33780725889634]]
[[35, 28, 24],0.026910970263701085,[0.9074624962819936, 2.8894432228679676, 55.553837478227116]]
[[35, 28, 23],0.027523199535310183,[0.9048162533246584, 2.903342291793608, 53.72222144858271]]
[[35, 28, 22],0.0282046160343612,[0.9021450096335571, 2.917229789717846, 51.842081501678905]]
[[35, 28, 21],0.028965435476767182,[0.8994543900946863, 2.931055462252849, 49.91287333692334]]
[[35, 28, 20],0.02981785779311971,[0.8967500487796919, 2.9447699684895245, 47.9344049666032]]
[[35, 28, 19],0.044057824454320105,[2.535024939016374, 0.9085904404048323, 37.3890963401317]]
[[35, 28, 18],0.017604121779465933,[2.2870124206202993, 0.9952902224749376, 0.2238703702916655]]
[[35, 28, 17],0.03308863679341187,[0.8886095894083462, 2.984789365996576, 41.706861373339216]]
[[35, 28, 16],0.03449141147196376,[0.8859041444783098, 2.997620502239718, 39.53646370686217]]
[[35, 28, 15],0.03610247440555791,[0.8832105892760796, 3.010141782532006, 37.32095420214647]]
[[35, 28, 14],0.03796626346396296,[0.8805332119586983, 3.0223274571545216, 35.061999201836464]]
[[35, 28, 13],0.014708341197434133,[2.168210189876087, 1.5649532634149999, 1.315765967475774]]
[[35, 28, 12],0.035491355227973344,[1.4287530499642405, 0.3837355395111739, 53.32756100119284]]
[[35, 28, 11],0.021127712528688412,[2.3288706246069575, 2.2849487099099166, 8.617574363531448]]
[[35, 28, 10],0.018842898210765735,[1.8589100000456458, 1.7876095530631313, 0.8618398419806949]]
[[35, 28, 9],0.024561151696230656,[1.682912027628145, 2.2010753594470454, 2.4309965790202783]]
[[35, 28, 8],0.028144989991523532,[1.528110571942405, 2.0814338593791777, 1.0444772974368826]]
[[35, 28, 7],0.029330049290925204,[1.9449507288662145, 1.9632165855746193, 1.9978460725598801]]
[[35, 28, 6],0.030722996349188566,[1.931594273336191, 1.2734153618089032, -3.32311330014569]]
[[35, 28, 5],0.0318430786026136,[1.3460552616449104, 1.3129774195796697, -6.199705229604538]]
[[35, 28, 4],0.029273872958569903,[1.8443696898164228, 1.793991654394919, -2.624470629904867]]
[[35, 28, 3],0.025453109692626753,[1.8530777228393893, 2.006631368205003, 11.76068443071153]]
[[35, 28, 2],0.03656813364288233,[1.9023552637860859, 2.0067528016846286, 7.728109472317774]]
[[35, 28, 1],0.01356241811827645,[1.3402849503512118, 1.8903526504335044, 41.77846937145487]]
[[35, 28, 0],0.014883880002252211,[1.333420484320911, 1.9879260144379796, 37.47441115425686]]
[[35, 27, 27],0.025792333772987442,[0.9164860309061765, 2.8345046797465017, 60.250746365913265]]
[[35, 27, 26],0.026237934844831366,[0.9139341310318568, 2.8484982641127705, 58.593342644329795]]
[[35, 27, 25],0.026730153901552384,[0.9113362034178446, 2.862670537155882, 56.891269552403514]]
[[35, 27, 24],0.02727527361430063,[0.9086971362247194, 2.876974065961364, 55.14279639399005]]
[[35, 27, 23],0.029310161526999057,[1.415493775986676, 2.4966558448669756, 20.741383095667942]]
[[35, 27, 22],0.028554898717955277,[0.9033171965468415, 2.9057690491365653, 51.50101120132527]]
[[35, 27, 21],0.023326457794061572,[2.478566662639033, 0.7637430197035872, 0.2259304863822246]]
[[35, 27, 20],0.043079895584510426,[2.516386927008412, 0.9104702980154432, 38.902980609664404]]
[[35, 27, 19],0.04410392506186692,[2.534655130663766, 0.9080580516888188, 37.37624905434006]]
[[35, 27, 18],0.03217877575656023,[0.8923145751665063, 2.9626015761281153, 43.61708072138181]]
[[35, 27, 17],0.03339973909529598,[0.8895480193491507, 2.9763497297642973, 41.52098464085515]]
[[35, 27, 16],0.03479425683422739,[0.8867863836754454, 2.989822987293907, 39.37633067784373]]
[[35, 27, 15],0.036397015454573765,[0.8840348158401841, 3.002984335544574, 37.184455536726986]]
[[35, 27, 14],0.03825249197900733,[0.881298163524469, 3.0158023785949424, 34.94697313956394]]
[[35, 27, 13],0.040418715423237016,[0.8785810519981705, 3.0282513932545694, 32.665725220812334]]
[[35, 27, 12],0.02046827172393296,[1.2870457538008704, 2.201762056335361, 0.4533109039824517]]
[[35, 27, 11],0.01896177524184887,[1.4845398900947548, 2.1789124761371963, 0.7603281674774117]]
[[35, 27, 10],0.024408353094840865,[2.041629789107619, 1.8013155030702035, 4.215905516407108]]
[[35, 27, 9],0.027825412522479723,[2.1780919772828673, 1.298683194548244, 0.6825435630585013]]
[[35, 27, 8],0.03284481945983146,[1.5163174484808162, 2.415991479650428, 2.512655951559866]]
[[35, 27, 7],0.03034435306836633,[1.800585736380002, 2.068834597929135, 1.9267037164695928]]
[[35, 27, 6],0.03346995162277844,[1.8083346528812168, 1.8451913784790936, 0.9451109446303192]]
[[35, 27, 5],0.02781545786401432,[2.9578562059955793, 2.7673535577831574, 0.43748301795755656]]
[[35, 27, 4],0.027778715108094956,[2.573450217690472, 2.4571233267178165, -0.7484623254436154]]
[[35, 27, 3],0.025546399919901104,[1.8513155036684443, 2.003431773589326, 11.755616035121191]]
[[35, 27, 2],0.03665601427578307,[1.9011107162413818, 2.0047912496100606, 7.725484766648138]]
[[35, 27, 1],0.013862407977848934,[1.341453654072682, 1.8735114401356396, 40.77661510103613]]
[[35, 27, 0],0.015405551599626761,[1.3334366318060618, 1.986028569952459, 36.155465369514154]]
[[35, 26, 26],0.026651216195544725,[0.9153041211694252, 2.83424647533011, 58.07320480621813]]
[[35, 26, 25],0.027136698630329973,[0.9126891360165096, 2.8488114751445606, 56.40825929415313]]
[[35, 26, 24],0.027674696147319267,[0.9100271244870664, 2.8635579493066583, 54.69718424532236]]
[[35, 26, 23],0.02827256911544713,[0.907323400252882, 2.8784334614716682, 52.93817927749252]]
[[35, 26, 22],0.02935587109951229,[2.6160540156695418, 1.2325272534593903, 15.945344057384231]]
[[35, 26, 21],0.029684201747717166,[0.9018143168450453, 2.9083444245215233, 49.27060832463837]]
[[35, 26, 20],0.030520492409540724,[0.8990214805340935, 2.9232614044598932, 47.36002065964817]]
[[35, 26, 19],0.04415267257306026,[2.5342745511814497, 0.9074997527575416, 37.36258003502903]]
[[35, 26, 18],0.029234754889598116,[2.254290093237451, 0.748724415893857, 0.16474460446011452]]
[[35, 26, 17],0.04659066591921576,[2.573512845162813, 0.9024194109646794, 34.22706062804454]]
[[35, 26, 16],0.035125737563061366,[0.8877451652062813, 2.981321217813978, 39.20074033262605]]
[[35, 26, 15],0.016580495669180222,[2.591700496753223, 1.3588512494240164, 3.610906157365952]]
[[35, 26, 14],0.03856536266317581,[0.8821298215558693, 3.008682373373571, 34.82081972212007]]
[[35, 26, 13],0.04072228705048045,[0.8793474054948048, 3.021807561615664, 32.56077539420144]]
[[35, 26, 12],0.04326723650523998,[0.8765887233575955, 3.034526274750464, 30.256649171431842]]
[[35, 26, 11],0.019583044940630796,[2.3161254778797877, 1.663055343014787, 3.475370184140261]]
[[35, 26, 10],0.023093051380092617,[1.5782061383472215, 1.8892759536015442, 1.3193034817967715]]
[[35, 26, 9],0.029565496987076022,[1.439823848095831, 2.4927872078192834, 2.333188169245605]]
[[35, 26, 8],0.028696362975942028,[1.5419486021077493, 2.135991908808517, 1.384824068156993]]
[[35, 26, 7],0.03223800499614723,[2.152763342821416, 2.1145928239479037, 3.917571791124927]]
[[35, 26, 6],0.03495412641732956,[1.9424200453305562, 1.9366175524747318, 1.7940246197400205]]
[[35, 26, 5],0.03176811228819044,[1.3457308684407003, 1.3142616254619106, -6.194561335518099]]
[[35, 26, 4],0.029173741163932652,[1.840090052820504, 1.791227014331159, -2.64394772200427]]
[[35, 26, 3],0.014018342060422073,[1.3584295751954414, 1.8556021393394513, 41.111347060234216]]
[[35, 26, 2],0.03675087524709306,[1.8997757459970646, 2.00267101058515, 7.72268253923317]]
[[35, 26, 1],0.014190649053336335,[1.3426961871275136, 1.856531183476595, 39.72304031672231]]
[[35, 26, 0],0.015966644734585794,[1.3334539874515914, 1.9840832948497875, 34.835033654971085]]
[[35, 25, 25],0.03934774860352048,[2.4363584949877186, 0.9204471248704038, 46.152603755249885]]
[[35, 25, 24],0.028114071202674902,[0.911460788646826, 2.849119038493233, 54.21377337219215]]
[[35, 25, 23],0.028703768343657027,[0.9087285522068712, 2.864486601460362, 52.49419281287549]]
[[35, 25, 22],0.02936158650375354,[0.9059539405492847, 2.8799808044880164, 50.724990180324625]]
[[35, 25, 21],0.030097819910768923,[0.9031432869775639, 2.895539265171328, 48.90459310344176]]
[[35, 25, 20],0.03092476518462454,[0.9003033071766614, 2.911097012358735, 47.031796775026976]]
[[35, 25, 19],0.03185723587540052,[0.8974409616682425, 2.9265881363346224, 45.10581072786219]]
[[35, 25, 18],0.03291324971970985,[0.8945633103365922, 2.9419475545554747, 43.12629146519521]]
[[35, 25, 17],0.034114960271079305,[0.8916773662197779, 2.957112751881751, 41.09335729557447]]
[[35, 25, 16],0.03548994014712152,[0.888789966710326, 2.9720253818222897, 39.00758461456026]]
[[35, 25, 15],0.03707297992045992,[0.885907678842258, 2.9866326021834677, 36.86998506766807]]
[[35, 25, 14],0.03890865975119586,[0.8830367532298395, 3.0008880581046524, 34.681966793247106]]
[[35, 25, 13],0.041055107986024617,[0.8801831534530782, 3.0147524417348035, 32.445282059627196]]
[[35, 25, 12],0.021614472488944655,[2.3080177771303263, 1.1798813949595142, 0.42303981245900496]]
[[35, 25, 11],0.025385570851093286,[2.3224503004668446, 1.2468066278894208, 1.5661031973155977]]
[[35, 25, 10],0.022896006605595865,[1.6916850309665894, 2.285852735703556, 3.4547781002855964]]
[[35, 25, 9],0.027814523305485967,[2.2782568567875385, 1.4543173689133853, 2.1235591832845917]]
[[35, 25, 8],0.028015825344014023,[1.4729723216300514, 2.0521746685185254, 0.7062850147949545]]
[[35, 25, 7],0.030375317574469665,[2.031560750429427, 1.9784194251584957, 2.627488291120576]]
[[35, 25, 6],0.03494561093778765,[1.9676448671580504, 1.8328138431705954, 1.5483051395255787]]
[[35, 25, 5],0.03172690581567945,[1.3455434964577266, 1.314977810213622, -6.191724018261954]]
[[35, 25, 4],0.027566232181381066,[2.5873562073686656, 2.470314689102669, -0.7383096370083713]]
[[35, 25, 3],0.025756900308177354,[1.8473815400943305, 1.9962015448080346, 11.744591936633798]]
[[35, 25, 2],0.03685358228091132,[1.8983401054487785, 2.000372041115803, 7.71968475582499]]
[[35, 25, 1],0.014550434500356646,[1.3440182341500824, 1.839464486049047, 38.61926170996095]]
[[35, 25, 0],0.016571862797636863,[1.3334726787406848, 1.982088481130238, 33.51310422623252]]
[[35, 24, 24],0.028599075535700333,[0.9130069072975017, 2.8335798996610246, 53.689157937370055]]
[[35, 24, 23],0.04071146505779353,[2.46563283689447, 0.9156509927735423, 43.28781257048828]]
[[35, 24, 22],0.029828279447990522,[0.9074377749629334, 2.8654731707592873, 50.283326025397315]]
[[35, 24, 21],0.03055463372029303,[0.904585309967005, 2.8816383174828246, 48.50415435044496]]
[[35, 24, 20],0.03137125946845169,[0.9016967134253072, 2.8978576589109166, 46.67186129809969]]
[[35, 24, 19],0.012928277558056825,[1.2964095238441398, 1.3121079853347934, 0.011069164100668886]]
[[35, 24, 18],0.04541049226615373,[2.552558447386683, 0.9037720186646572, 35.78018421630638]]
[[35, 24, 17],0.0345283238363642,[0.8928891858115005, 2.9461159167451916, 40.846500972035535]]
[[35, 24, 16],0.03589172870545704,[0.8899316853737467, 2.9618320786652212, 38.79440851892685]]
[[35, 24, 15],0.0374630359754774,[0.8869758915089704, 2.977254380981943, 36.68801743405681]]
[[35, 24, 14],0.02348292673872172,[2.9295431935476026, 1.3907890183163516, 6.603978258356709]]
[[35, 24, 13],0.04142149633782356,[0.8810976242505238, 3.0070004290888686, 32.31768521288316]]
[[35, 24, 12],0.017664257000222457,[2.461611283123219, 1.3742530245629037, 1.0744626401756343]]
[[35, 24, 11],0.016916118145095273,[1.9691746925243299, 2.101220806844582, 3.36387237480338]]
[[35, 24, 10],0.02248669136874827,[1.566844754781299, 2.292908865869087, 2.229637397578625]]
[[35, 24, 9],0.022800053654104306,[1.46681247407331, 2.1876226960757648, 0.5585714314730663]]
[[35, 24, 8],0.029493067471279097,[1.7255162740319858, 2.266631347236511, 3.078413694758048]]
[[35, 24, 7],0.030517806595350062,[1.7557951134190373, 2.0885729144882226, 1.838495033477381]]
[[35, 24, 6],0.03400170768851851,[1.7276201687941282, 1.7726855989631896, 0.6497648214861793]]
[[35, 24, 5],0.03168287639780073,[1.3453361629078908, 1.3157511666468555, -6.188684497839512]]
[[35, 24, 4],0.03748303863823229,[2.946287092067926, 2.790497916236237, 0.47487027014359046]]
[[35, 24, 3],0.0348866900608027,[2.3601343324886717, 2.285864696929204, -1.0951973307246867]]
[[35, 24, 2],0.033210863782176796,[1.5399560187506907, 1.5301954598689502, 0.4325696474781577]]
[[35, 24, 1],0.014945550526803242,[1.3454267952560295, 1.8223602939547108, 37.46722248606852]]
[[35, 24, 0],0.01913252923921647,[1.604563870222226, 1.9599440516388174, 21.201012236231186]]
[[35, 23, 23],0.04076196850735168,[2.465349193452899, 0.9150588847262133, 43.26906828623289]]
[[35, 23, 22],0.030345652453087135,[0.9090459809305061, 2.849761975686284, 49.8009647850354]]
[[35, 23, 21],0.03106115794387692,[0.906151804621715, 2.8665361199724098, 48.065512900203494]]
[[35, 23, 20],0.043285626494824536,[2.514923614440315, 0.9081126295825681, 38.840479570441374]]
[[35, 23, 19],0.03277626045292583,[0.9002394204117886, 2.9003679094055195, 44.43220889938744]]
[[35, 23, 18],0.03380888186283024,[0.8972372049323059, 2.9172660341386796, 42.53145773994959]]
[[35, 23, 17],0.03498653488861723,[0.8942155101237022, 2.934043897599034, 40.57354805760788]]
[[35, 23, 16],0.033566455180442004,[1.8474863466003855, 0.8967326136064296, 2.250932205623946]]
[[35, 23, 15],0.025888958934038468,[0.9575975059479608, 2.3694617882189606, 0.5633756172898758]]
[[35, 23, 14],0.011737777330645184,[1.8862899588861712, 1.8630871874927597, 0.9030214730617959]]
[[35, 23, 13],0.021059134168285545,[2.2550129077305576, 1.130373313152326, 0.33661524044051894]]
[[35, 23, 12],0.04249642996132899,[2.248225485417268, 0.8447691372316554, 0.9977181599416333]]
[[35, 23, 11],0.02599519378569867,[1.234101243381401, 2.000755523167437, 0.6878763749497696]]
[[35, 23, 10],0.02210028911785335,[1.6397051499804955, 2.2250954029203887, 2.5960057214884498]]
[[35, 23, 9],0.025446478439614416,[1.4242981802045998, 2.100361822769903, 0.7152549271486442]]
[[35, 23, 8],0.02671094555559078,[2.013100370447701, 2.209136749100807, 3.878700858424558]]
[[35, 23, 7],0.03073425218231005,[2.1632076398985887, 1.6682630085291466, 1.7417193333334289]]
[[35, 23, 6],0.03492131237486812,[1.6546918673283575, 2.006412915228231, 1.0070354926745715]]
[[35, 23, 5],0.03163572295803487,[1.3451059367924625, 1.3165887158936884, -6.1854202775012705]]
[[35, 23, 4],0.028994574767033335,[1.8355165930710318, 1.7920831180783243, -2.653167534282061]]
[[35, 23, 3],0.026006742954109957,[1.8427856682023038, 1.9876006212295516, 11.732253225365202]]
[[35, 23, 2],0.037086777429741126,[1.8951175262627176, 1.9951393698639253, 7.713018010475544]]
[[35, 23, 1],0.015380381447684499,[1.346930539826549, 1.805262242020769, 36.26921700069161]]
[[35, 23, 0],0.017937567655792144,[1.3335146948867818, 1.97794276882831, 30.86471167974242]]
[[35, 22, 22],0.030921551242577398,[0.9107898998329621, 2.832747919200796, 49.273917022493784]]
[[35, 22, 21],0.04241591473869543,[2.4972712900762395, 0.9098486400157225, 40.320869979487895]]
[[35, 22, 20],0.037855446828129434,[0.5628942242928396, 0.2266727125019758, 15.421496309946066]]
[[35, 22, 19],0.03331452834565714,[0.9018348184428892, 2.8853868017856477, 44.042707705776856]]
[[35, 22, 18],0.034333404969580684,[0.898766228936541, 2.903105209012563, 42.18620563949988]]
[[35, 22, 17],0.03549681888900096,[0.895670765673274, 2.920759884603286, 40.270868186338646]]
[[35, 22, 16],0.0368325619945217,[0.8925578765925478, 2.9382596446864517, 38.29608441784066]]
[[35, 22, 15],0.038375662184880276,[0.8894370362175396, 2.955516612638987, 36.261875164260175]]
[[35, 22, 14],0.04017094673637295,[0.8863175549241603, 2.972449012306386, 34.16889319289707]]
[[35, 22, 13],0.04227679221033929,[0.8832084649944087, 2.9889834547063203, 32.01839189333579]]
[[35, 22, 12],0.020522965824919092,[1.3248401324895518, 2.1511257717683256, 0.8383159799552171]]
[[35, 22, 11],0.019256609803074448,[1.5787531649922801, 2.1696146463040478, 1.8236944573519154]]
[[35, 22, 10],0.020729316808126994,[1.5561752385173042, 2.0441972087868527, 0.9053350472948669]]
[[35, 22, 9],0.02421706266779841,[2.1892240506835954, 2.1662368212738006, 5.364461205233661]]
[[35, 22, 8],0.031011714600162093,[1.3663802814705825, 2.146075112676324, 0.8133906886654487]]
[[35, 22, 7],0.03138693815663168,[1.9521356449694653, 2.174452028180742, 3.1909322650947463]]
[[35, 22, 6],0.033390429593643786,[1.8330672412590299, 1.8264515601090472, 0.9886779692648137]]
[[35, 22, 5],0.031585099901396525,[1.3448493290469108, 1.317498663599818, -6.181905374822924]]
[[35, 22, 4],0.03704942574696182,[2.958384288414717, 2.8017627784498695, 0.47160598567033224]]
[[35, 22, 3],0.02615003237374951,[1.8401843029353455, 1.9826582131930086, 11.725544796954004]]
[[35, 22, 2],0.028608034651015326,[1.4754138542475155, 1.540754091216782, 0.4012354051570102]]
[[35, 22, 1],0.01586004319644846,[1.3485402450035089, 1.7882073077815464, 35.02780603068309]]
[[35, 22, 0],0.018712097269088405,[1.3335383939015812, 1.9757879804825613, 29.538233002120485]]
[[35, 21, 21],0.03225596805515168,[0.9097080395881383, 2.8322824251036622, 47.05702862598911]]
[[35, 21, 20],0.033034825902316885,[0.9066717629290921, 2.8505262389641928, 45.36269986058794]]
[[35, 21, 19],0.03391691603174738,[0.9035806676827365, 2.8689767065208014, 43.6122787587913]]
[[35, 21, 18],0.03492047510665965,[0.900443877694101, 2.887538423036473, 41.8034194954967]]
[[35, 21, 17],0.03606792516587116,[0.897271277072779, 2.906110091599517, 39.934304521111876]]
[[35, 21, 16],0.03738714978512452,[0.8940732632720257, 2.9245878567618346, 38.0037379705698]]
[[35, 21, 15],0.03891328297477708,[0.8908604792095854, 2.942868974804754, 36.011211047019685]]
[[35, 21, 14],0.0406912686405105,[0.8876435616947506, 2.9608554682345622, 33.95693170764479]]
[[35, 21, 13],0.028694603034997077,[2.249223486728303, 0.9434695981604644, 0.3192934369340793]]
[[35, 21, 12],0.01963042024015327,[2.29989901194892, 1.2846095598340415, 0.7488634795592002]]
[[35, 21, 11],0.016431564045384553,[2.0098978563341303, 1.9954671315645522, 2.8793745132341146]]
[[35, 21, 10],0.02571585788526105,[2.1927765608316543, 1.2524019809845741, 0.658514858262305]]
[[35, 21, 9],0.02182673380357257,[2.056358402475385, 2.0444447749526486, 3.343117497317866]]
[[35, 21, 8],0.028680749220712932,[1.7545342727312456, 2.245746195389417, 3.079599223878027]]
[[35, 21, 7],0.02953715778135984,[2.010241771445679, 2.0011717363519814, 2.5198449679116055]]
[[35, 21, 6],0.03415057722374937,[1.7863878332460585, 2.0208329031305077, 1.4332395104080857]]
[[35, 21, 5],0.03153060854097266,[1.3445621596047692, 1.3184906579961964, -6.17810962041305]]
[[35, 21, 4],0.03680924030749677,[2.9649664372413467, 2.8081395398786104, 0.4698500216486083]]
[[35, 21, 3],0.034528991362713875,[2.38749348204597, 2.3127125373990993, -1.0599441677513548]]
[[35, 21, 2],0.016232025328330263,[1.3629289640632327, 1.7685501724591837, 34.505285317502235]]
[[35, 21, 1],0.040256890735581904,[0.2891675769571374, 1.8290332161098535, 39.717383023418584]]
[[35, 21, 0],0.019559331217366933,[1.3335641933298303, 1.9735757881373641, 28.21022568458034]]
[[35, 20, 20],0.04347690964599582,[2.5137540542314496, 0.906001140529641, 38.780756281119885]]
[[35, 20, 19],0.04451610600646264,[2.5317790743641115, 0.9034874872751596, 37.25792783497892]]
[[35, 20, 18],0.03558096243702268,[0.9022876530611521, 2.8704048813559173, 41.37824196195398]]
[[35, 20, 17],0.036710518835438286,[0.8990353953492553, 2.8899234163370915, 39.55913147518248]]
[[35, 20, 16],0.014128731767163168,[1.5058899950205333, 1.841932976864535, 55.29387191090878]]
[[35, 20, 15],0.039517976865376975,[0.8924369338378073, 2.9288051160033493, 35.730196097568026]]
[[35, 20, 14],0.020288469258776472,[2.188734051031328, 1.097099129698913, 0.26416661195812696]]
[[35, 20, 13],0.033999781351513915,[2.363422826997445, 0.8753527199261616, 0.6431633056962572]]
[[35, 20, 12],0.023086936643972582,[1.9519932344320898, 1.2133957555224655, 0.4854747178130417]]
[[35, 20, 11],0.01634191201930792,[1.8791274755120113, 2.007899169686539, 2.065508672096087]]
[[35, 20, 10],0.034724740013784595,[4.759778737648809, 0.8136262007170016, 16.05238105341709]]
[[35, 20, 9],0.02804529749020692,[2.145632010262719, 1.2564637722904792, 0.47604948414936077]]
[[35, 20, 8],0.02913546681455635,[2.2948850170892316, 1.5016598309885965, 1.7946204207574425]]
[[35, 20, 7],0.02990534337895573,[1.9504268618569358, 2.058522568545587, 2.5715437343871765]]
[[35, 20, 6],0.03418880955568482,[1.7914860393596486, 2.024479717021187, 1.4766589100222187]]
[[35, 20, 5],0.03147178645533001,[1.3442393859611133, 1.3195761196482627, -6.173997761340682]]
[[35, 20, 4],0.026881870326957782,[2.6299936466497784, 2.512401193145963, -0.7089177604961383]]
[[35, 20, 3],0.016596875059560055,[1.3818554338782687, 1.7495065398264171, 33.88549588927832]]
[[35, 20, 2],0.03752773434634812,[1.8891601813869767, 1.9851964081640971, 7.70094142973681]]
[[35, 20, 1],0.016979054893059356,[1.3521344327653564, 1.754335191127165, 32.425836071016555]]
[[35, 20, 0],0.020490127198053917,[1.3335923596658603, 1.9713039943376924, 26.88068742520162]]
[[35, 19, 19],0.03536060486796212,[0.9075903179751411, 2.8312764153342536, 42.60882493750832]]
[[35, 19, 18],0.03632816946379706,[0.9043166558250083, 2.851533149221665, 40.90533129443906]]
[[35, 19, 17],0.03743769096605082,[0.9009835534287581, 2.8720122591477564, 39.14003300772757]]
[[35, 19, 16],0.03871725014798641,[0.8976030750030638, 2.8925860688705414, 37.31024590934355]]
[[35, 19, 15],0.025074006796723287,[0.4912545250244126, 1.7099505358724925, 45.36134385618352]]
[[35, 19, 14],0.041937873672907466,[0.8907528513728645, 2.933476347731316, 33.45021641152902]]
[[35, 19, 13],0.04120552113315641,[0.2858451160767949, 1.7913996900221607, 33.982598762676204]]
[[35, 19, 12],0.016321931290354273,[1.657818610651134, 2.142264914709978, 2.080165581746479]]
[[35, 19, 11],0.025494462574360756,[1.5595355894799907, 1.1093733661477154, 0.03622504837290295]]
[[35, 19, 10],0.020511356293280908,[2.152370587689836, 2.1651015936998648, 5.423611673979751]]
[[35, 19, 9],0.02624331683129283,[2.089411082227524, 1.3288794923550096, 0.5036026786882618]]
[[35, 19, 8],0.025106081298955592,[1.690704159916446, 2.032592734542992, 1.2685364225187192]]
[[35, 19, 7],0.029846341745546963,[2.0449021761346184, 2.034224878700028, 2.873000625525593]]
[[35, 19, 6],0.03188001358449505,[1.6533407598558385, 1.66281648498266, 0.2940364962250264]]
[[35, 19, 5],0.0314080941668135,[1.3438748813239123, 1.3207686611615588, -6.169528352875192]]
[[35, 19, 4],0.036273383184133125,[2.9793175586140372, 2.8227106477649144, 0.46607269158744585]]
[[35, 19, 3],0.03423444174395836,[2.408699871411959, 2.3338709303422314, -1.0340785008710491]]
[[35, 19, 2],0.03770704660333487,[1.88678699454516, 1.98113532421284, 7.696228855015516]]
[[35, 19, 1],0.017634095323695424,[1.3541564081262225, 1.7375500712931111, 31.070994331557248]]
[[35, 19, 0],0.02151762429404889,[1.3336232792598361, 1.96897028795348, 25.549618652922884]]
[[35, 18, 18],0.04584185547433736,[2.5496998027325004, 0.8991996701061749, 35.66296138035445]]
[[35, 18, 17],0.0382656286891864,[0.9031382031424167, 2.852175128694393, 38.671117046965676]]
[[35, 18, 16],0.039521488681164264,[0.8996629060085346, 2.873836305607891, 36.89812348760056]]
[[35, 18, 15],0.015665226063850183,[2.529876788139546, 1.5985323171731287, 6.7091987614534725]]
[[35, 18, 14],0.02826194632128679,[0.9907021665570974, 1.9077618913633265, 0.6591322768782661]]
[[35, 18, 13],0.04470979527786481,[0.8890106887721113, 2.938678079983399, 31.163598478772926]]
[[35, 18, 12],0.017481095447950297,[1.5561003235448818, 1.5819368939324305, 0.10566558054194564]]
[[35, 18, 11],0.017245617148814896,[1.641097915649471, 2.0325292634568584, 1.0334901191604016]]
[[35, 18, 10],0.02195249240218011,[2.0233309057268247, 2.3190551786852134, 5.928014289690177]]
[[35, 18, 9],0.022585883342923788,[1.5782622538637234, 2.06310327060883, 0.9539884964096962]]
[[35, 18, 8],0.02948738665465522,[1.743541814586111, 2.286575855834965, 3.3760446935458948]]
[[35, 18, 7],0.030573176714882654,[2.003462829862701, 2.111779675926873, 3.143205333664882]]
[[35, 18, 6],0.0323159382076965,[1.6378981959175054, 1.6589438657761029, 0.291329606585747]]
[[35, 18, 5],0.03133889831499296,[1.3434611403580838, 1.3220846374562978, -6.164652300745851]]
[[35, 18, 4],0.026523169965393955,[2.651041885148324, 2.5342983371496817, -0.6952915543193824]]
[[35, 18, 3],0.03406554617396439,[2.420378945178168, 2.345679976748288, -1.020342470025828]]
[[35, 18, 2],0.0379072211295447,[1.884170303403735, 1.9765897113474302, 7.6911035976425985]]
[[35, 18, 1],0.018366010833705707,[1.3563612596401422, 1.7208708701476112, 29.684051581817595]]
[[35, 18, 0],0.02265787579629132,[1.3336573125119728, 1.9665722452148167, 24.217022798694344]]
[[35, 17, 17],0.03921450489972908,[0.9055235728322956, 2.8302017810296434, 38.145986071475974]]
[[35, 17, 16],0.04044371611881852,[0.9019539662843437, 2.852941514530636, 36.43394110420345]]
[[35, 17, 15],0.04187556483617988,[0.8983193248330017, 2.8759221114690448, 34.65289699566448]]
[[35, 17, 14],0.02047478751863143,[2.3199492372228008, 1.1256833827280135, 0.9130473146614481]]
[[35, 17, 13],0.04554324797050792,[0.8909230778024082, 2.921887937553738, 30.872380040726064]]
[[35, 17, 12],0.017454550522775756,[1.4856544374212937, 2.1986260610111676, 1.3309019273181686]]
[[35, 17, 11],0.019547551026149253,[2.2884620980023125, 1.7985769269158847, 4.817907334566296]]
[[35, 17, 10],0.02535060411261966,[1.7557291325539368, 1.4211795359822967, 0.659630145596922]]
[[35, 17, 9],0.022448884697555568,[1.5814906302950549, 2.044680561830124, 0.9160580817922918]]
[[35, 17, 8],0.029884114226941427,[2.299827282491693, 2.2546389433767295, 6.2586445131924595]]
[[35, 17, 7],0.030559441395872418,[1.9285973784296238, 2.1125701873489238, 2.8460755644293254]]
[[35, 17, 6],0.03396831381806271,[1.5686705456750416, 1.8508818412824646, 0.47921581292141885]]
[[35, 17, 5],0.03126345019329178,[1.3429888892634994, 1.3235438633943697, -6.159311014839347]]
[[35, 17, 4],0.02850343495284409,[1.8143110432901806, 1.7846486898987126, -2.7341438227965904]]
[[35, 17, 3],0.03387938482184078,[2.4328767456863907, 2.358457533806646, -1.0060242616107435]]
[[35, 17, 2],0.038132121009423765,[1.881270446828778, 1.971467610696256, 7.685516248582756]]
[[35, 17, 1],0.019187424841838253,[1.358781692967195, 1.7042884278213106, 28.267778919681536]]
[[35, 17, 0],0.023930705075271716,[1.3336949785266536, 1.9641073242117786, 22.88290657640346]]
[[35, 16, 16],0.041509035054424805,[0.9045051549063152, 2.829650745881267, 35.91055621181743]]
[[35, 16, 15],0.04290888117551701,[0.9007592816305898, 2.853862493106567, 34.19426138043661]]
[[35, 16, 14],0.03172627682515916,[2.4590737933986664, 1.0141085805192933, 3.4236186226221403]]
[[35, 16, 13],0.02812682861720845,[2.220132406376829, 0.9406324449241695, 0.2187507591671052]]
[[35, 16, 12],0.01584261610029464,[2.162688550532485, 1.562660479121425, 1.3389279643308192]]
[[35, 16, 11],0.0221262593122801,[2.187605535779639, 1.2535572124334995, 0.4874884028840961]]
[[35, 16, 10],0.02107428242684336,[2.1822966289874794, 1.4903766793783095, 1.2592424399318833]]
[[35, 16, 9],0.025145584000484604,[2.1520753617737522, 1.5707023452195554, 2.1253920854307125]]
[[35, 16, 8],0.02999710168084465,[1.6249496150470193, 2.2732559129599466, 2.7421878946547413]]
[[35, 16, 7],0.03052821750396426,[2.159807001497391, 2.027266280857974, 3.4660297772304585]]
[[35, 16, 6],0.027859272297943966,[1.8102473871697318, 1.2290958234936102, -4.63402631209984]]
[[35, 16, 5],0.031180858075623107,[1.3424465596380224, 1.3251705715884758, -6.15343394931501]]
[[35, 16, 4],0.03529626637252913,[3.0041588541634794, 2.850460845876318, 0.4597123022771857]]
[[35, 16, 3],0.019437512941412275,[1.406776234670478, 1.6793573477840191, 28.278357591115075]]
[[35, 16, 2],0.02707079068501002,[1.4107804783439057, 1.4062240585007824, 0.33686334566705284]]
[[35, 16, 1],0.02011392754146315,[1.3614591114050112, 1.6877819313043259, 26.824839175407057]]
[[35, 16, 0],0.025360881951719167,[1.333736890513425, 1.961572862505754, 21.54728071914318]]
[[35, 15, 15],0.011458820333362596,[2.1452798465235845, 2.1647933887742647, 6.977674150904672]]
[[35, 15, 14],0.045720454943532426,[0.8995486418505296, 2.854975203420047, 31.952469366278773]]
[[35, 15, 13],0.023755465705484383,[1.1059394340242121, 2.275105184014767, 0.8294516067025751]]
[[35, 15, 12],0.019023379219685728,[1.266557905076575, 2.1267227103768396, 0.21110041861601309]]
[[35, 15, 11],0.02435591278307728,[2.161976200509684, 1.2025401093240535, 0.6182346868389053]]
[[35, 15, 10],0.030249255873614357,[2.5044395478182437, 1.216330189003787, 1.921602642840662]]
[[35, 15, 9],0.024179918494430807,[1.441637732441662, 2.07408731326738, 0.6644296077130224]]
[[35, 15, 8],0.029583581448523907,[1.9584316029064934, 2.3416835427166722, 4.923329319295366]]
[[35, 15, 7],0.029970896518752392,[1.5861090037817094, 2.21308025113498, 1.32699235253763]]
[[35, 15, 6],0.033791848062410215,[1.8239132595877774, 1.9488173130572584, 1.420400494955595]]
[[35, 15, 5],0.0251505049792069,[3.054218964710024, 2.8738874764775866, 0.41447987273006887]]
[[35, 15, 4],0.02826721314258506,[1.8156739416512602, 1.7846497700873498, -2.7279295064771203]]
[[35, 15, 3],0.027751819486490463,[1.8125706900676704, 1.9269004848727738, 11.669544466874685]]
[[35, 15, 2],0.020790212674861572,[1.3881435356142724, 1.6649449941821919, 26.12515526353081]]
[[35, 15, 1],0.021165008214578368,[1.3644464346536622, 1.6713173819323515, 25.357765654166563]]
[[35, 15, 0],0.026979768912465445,[1.3337838268918498, 1.9589660583457582, 20.21015992453225]]
[[35, 14, 14],0.030904524542491423,[2.4196530498072186, 0.9224291929782685, 1.5319244542507682]]
[[35, 14, 13],0.02830643009889457,[1.3688833314683213, 2.397535091254692, 6.5698238795629855]]
[[35, 14, 12],0.014002545965194887,[1.9367455400001792, 2.049508550647695, 2.6928056447900737]]
[[35, 14, 11],0.01910650847056479,[1.4161244017478625, 2.0892453283074586, 0.5234782927878308]]
[[35, 14, 10],0.033691557236468606,[2.2510728160960696, 0.9924743410053934, 0.23858479262833882]]
[[35, 14, 9],0.021454352263513356,[2.071426024479835, 1.6289803578202076, 1.1566359106258708]]
[[35, 14, 8],0.028956674487840343,[1.5166986273462524, 2.103161335403131, 1.4783186323722077]]
[[35, 14, 7],0.03057922393878727,[1.8148845499865067, 2.2074256344932324, 2.657257870172476]]
[[35, 14, 6],0.0341239353140861,[1.9654969187971951, 1.9245666977537585, 1.8753032298006067]]
[[35, 14, 5],0.024805006088620535,[3.0646712920906145, 2.8889464018278845, 0.4122245374292367]]
[[35, 14, 4],0.028133880048393345,[1.8122498789366093, 1.784199442942689, -2.7386310920096157]]
[[35, 14, 3],0.028128356561942028,[1.8063994056801504, 1.9136449673940155, 11.661744347640743]]
[[35, 14, 2],0.03901134953047566,[1.870319134745911, 1.9512933309550455, 7.665420093006481]]
[[35, 14, 1],0.022365358683497698,[1.3678121162638794, 1.6548453032873514, 23.868951212452878]]
[[35, 14, 0],0.02882767172789162,[1.3338367630516361, 1.9562840833780397, 18.871563869103884]]
[[35, 13, 13],0.04074780732371178,[2.5424051030586003, 1.5099168979707362, 11.534694970022343]]
[[35, 13, 12],0.02084802062397155,[1.679601549938745, 1.8051458183532971, 3.560685742696184]]
[[35, 13, 11],0.02042655103592347,[1.3547356685963583, 2.1659931133248977, 0.6907512620966847]]
[[35, 13, 10],0.019924841535482553,[1.8120406632102892, 2.2571295824306428, 3.6153142473226114]]
[[35, 13, 9],0.025747223290269596,[2.2770116145769017, 1.4820425619737336, 1.989809825855895]]
[[35, 13, 8],0.029133547142401302,[1.4258673417107577, 2.1482127378284264, 1.0504881168322113]]
[[35, 13, 7],0.029607929015084616,[1.743595469889544, 2.0814911479633382, 1.8238468113746928]]
[[35, 13, 6],0.0317176999567631,[1.8017933470759688, 1.799749048506419, 0.7749179189835488]]
[[35, 13, 5],0.030878311090698704,[1.3402318161543236, 1.3313948366058903, -6.131626599149154]]
[[35, 13, 4],0.03403322018117118,[3.033344002693236, 2.888440035180904, 0.45257292782120856]]
[[35, 13, 3],0.03358275461624595,[1.3722788224248317, 1.5064711968477498, 0.20269714599978456]]
[[35, 13, 2],0.03940052837210718,[1.8656555995159498, 1.942288651986877, 7.657422558204269]]
[[35, 13, 1],0.023746732197431362,[1.3716460161425788, 1.6382971378042528, 22.360647666393714]]
[[35, 13, 0],0.030957273128260184,[1.3338969690858695, 1.9535238590795896, 17.531517215657964]]
[[35, 12, 12],0.016707648381659695,[1.4720588573628406, 2.1176152978015876, 0.9047010521262758]]
[[35, 12, 11],0.01847227854506918,[2.2403926309028317, 1.4280890214118571, 0.8966058033293939]]
[[35, 12, 10],0.029644443347199116,[2.205295682154552, 1.126786289943759, 0.5891653450283711]]
[[35, 12, 9],0.024078675633316587,[2.2625539133883903, 1.6148577154434962, 2.5447786777099854]]
[[35, 12, 8],0.02874688594183059,[2.161638427021949, 1.3954310521665265, 0.9007025020557637]]
[[35, 12, 7],0.03091302505525773,[1.5011351433971332, 2.071459471468019, 0.8796535832026884]]
[[35, 12, 6],0.03220476262104233,[1.8988565224858827, 1.898364789062688, 1.3781741423447373]]
[[35, 12, 5],0.02402001244240092,[3.086351237775465, 2.9240597121265246, 0.40775774657904196]]
[[35, 12, 4],0.033527089051661144,[3.0440108015684344, 2.9042769834937157, 0.450071832095139]]
[[35, 12, 3],0.02909932064738444,[1.790862469457889, 1.87915104469621, 11.652185710682547]]
[[35, 12, 2],0.03963135843198441,[1.5716562139458656, 1.6486052045103774, 0.5206994246932625]]
[[35, 12, 1],0.025350654163547072,[1.3760681718419436, 1.6215798544286852, 20.834973967772548]]
[[35, 12, 0],0.033438780184239486,[1.3339661113889465, 1.9506823226184065, 16.19005060175112]]
[[35, 11, 11],0.019557534178709292,[1.3391163706555897, 1.9997522770239822, 0.2409602308058761]]
[[35, 11, 10],0.024091643900057066,[2.2548828320223104, 1.2818790807004905, 0.7533253307556527]]
[[35, 11, 9],0.022189260927002345,[1.9292474952570817, 2.2014519094065377, 3.8915210562957214]]
[[35, 11, 8],0.02504831132323626,[2.1006865213928534, 2.0662655740936233, 3.709020205605211]]
[[35, 11, 7],0.029118091774434297,[2.0185454860258587, 1.9872247911314096, 2.68615893708913]]
[[35, 11, 6],0.030086165980095364,[1.910992734005502, 1.8511869879124099, 1.0504681087566605]]
[[35, 11, 5],0.02357207493565406,[3.097381618263678, 2.9446191837513114, 0.40562049814609796]]
[[35, 11, 4],0.032967640304403314,[3.0550702258360634, 2.9221663170473544, 0.4475534125809985]]
[[35, 11, 3],0.029740751023019762,[1.7807836763645082, 1.8560704664313001, 11.655158178007781]]
[[35, 11, 2],0.026469052561851128,[1.4195355011142479, 1.595276891869675, 20.037448801240814]]
[[35, 11, 1],0.027232475828452687,[1.3812423035066341, 1.6045673964608713, 19.293935610084713]]
[[35, 11, 0],0.03636787379588954,[1.334046426771039, 1.9477563512551277, 14.847201127856332]]
[[35, 10, 10],0.022988638724782816,[1.5440897763467762, 1.4040370543935219, 32.767730100371146]]
[[35, 10, 9],0.027173681341156823,[1.3736212105920251, 2.246366643418156, 1.4822303336961584]]
[[35, 10, 8],0.027886898499961718,[1.4546319830969163, 2.1634073570872867, 1.1500863035606923]]
[[35, 10, 7],0.030550216186718195,[2.0331540841340736, 1.4913877401437314, 0.7846646860404459]]
[[35, 10, 6],0.031199693423837195,[1.7640951929989237, 1.776268011299517, 0.6455581025548934]]
[[35, 10, 5],0.03045511193026472,[1.3365245936797097, 1.3408196888609045, -6.10032991102201]]
[[35, 10, 4],0.03234636856053113,[3.0664202694903175, 2.9424829820796914, 0.44506299087700424]]
[[35, 10, 3],0.03053696302293838,[1.7682993863653704, 1.827000371995288, 11.670945637868286]]
[[35, 10, 2],0.028523539216892164,[1.4314599133959622, 1.5772594772129163, 18.47066020958903]]
[[35, 10, 1],0.02946761231214822,[1.387397239071825, 1.5870875124817572, 17.739454926701132]]
[[35, 10, 0],0.0398784175733051,[1.334140996330792, 1.9447428798614954, 13.50301314895213]]
[[35, 9, 9],0.02247146548017997,[2.108966847197511, 1.5294259239877737, 1.1149811555984697]]
[[35, 9, 8],0.02614936715934889,[2.209136510694993, 1.7436652075086827, 2.7797787909164495]]
[[35, 9, 7],0.030388082909751705,[1.577423975542734, 2.002022927623658, 1.1201890124476852]]
[[35, 9, 6],0.03072317176362817,[1.851543680525428, 1.8782148328443276, 1.0859436354539915]]
[[35, 9, 5],0.02253762192222881,[3.118990254881596, 2.993441512661696, 0.4018236534694872]]
[[35, 9, 4],0.03165281537928888,[3.077898747896041, 2.965696557999217, 0.4426660244158825]]
[[35, 9, 3],0.031554030810428305,[1.7520042197052974, 1.7889228022286308, 11.7154396281052]]
[[35, 9, 2],0.03697501894635175,[1.6766765003621886, 1.5549084679457625, 0.5196085156626001]]
[[35, 9, 1],0.03216146294167831,[1.3948622213010904, 1.5689005083906924, 16.173420408404763]]
[[35, 9, 0],0.04416361913241821,[1.3342541778535817, 1.941639063929747, 12.157538925982859]]
[[35, 8, 8],0.02537618956991352,[1.492781066058791, 2.063994060887486, 0.790381593279207]]
[[35, 8, 7],0.03056867557562278,[1.471245784656314, 2.0526082220110706, 0.8145832636874892]]
[[35, 8, 6],0.03257599303738114,[1.9079412572242542, 1.961371738589602, 1.7838882433119203]]
[[35, 8, 5],0.030064216682060278,[1.3324571579372233, 1.350300045541638, -6.070501118593374]]
[[35, 8, 4],0.030873884074633744,[3.0892573826212764, 2.9924084107689435, 0.44045606485082256]]
[[35, 8, 3],0.048258214454075306,[3.07146481801794, 2.980470074375747, 0.48518547590076505]]
[[35, 8, 2],0.018931119543368603,[0.8466153428887905, 7.977537809675357, 17.555024008752792]]
[[35, 8, 1],0.03546580037724159,[1.4041276424494329, 1.5496643199574183, 14.597765854977233]]
[[35, 8, 0],0.04951302024025761,[1.3343923709964167, 1.9384426620186486, 10.810839839773251]]
[[35, 7, 7],0.029830260595118764,[1.4702904605215437, 2.072656929699156, 0.8038899646592617]]
[[35, 7, 6],0.03233473201696493,[1.8978942592860275, 1.9917047317651118, 1.8620501202506956]]
[[35, 7, 5],0.02981946196479366,[1.329589988831731, 1.3566312001762082, -6.051318355927002]]
[[35, 7, 4],0.029992770650096957,[3.1001228677444153, 3.02341282261104, 0.43856712186114954]]
[[35, 7, 3],0.0470232321398505,[3.083580359589468, 3.0073245891758376, 0.48266084662024716]]
[[35, 7, 2],0.03753513143592004,[1.4902274361298686, 1.5213387872605044, 13.667080710901319]]
[[35, 7, 1],0.03960708254788252,[1.4159550332668818, 1.5288748871514617, 13.014605755724624]]
[[35, 7, 0],0.032708154543952955,[1.3084148754091436, 2.51145132785713, 29.644904934262883]]
[[35, 6, 6],0.029582496484880316,[1.6996308788732368, 1.750213946478249, 0.45969367280725076]]
[[35, 6, 5],0.02952945314146005,[1.3258676292966791, 1.3645431308191494, -6.028027508114985]]
[[35, 6, 4],0.02898718998572555,[3.109934271804989, 3.0598044759935097, 0.43719357572365053]]
[[35, 6, 3],0.02919180753520227,[2.654132405845027, 2.640325477111598, -0.8025751282154039]]
[[35, 6, 2],0.042026813870637836,[1.5255093348478304, 1.5039850882628119, 12.013761126945294]]
[[35, 6, 1],0.044938014134926436,[1.4315888994209383, 1.505759985583599, 11.426484885187708]]
[[35, 6, 0],0.03880845565434818,[1.3060375295852176, 2.5070559776158676, 25.36248241069082]]
[[35, 5, 5],0.035650069201992936,[1.6135411033665756, 1.8737748452886327, 0.5715596469808231]]
[[35, 5, 4],0.02782620431930756,[3.1178324181350314, 3.1031824511611292, 0.4366258055596809]]
[[35, 5, 3],0.0421140290096649,[1.6826559077865615, 1.5015647655390962, 11.704012916800291]]
[[35, 5, 2],0.04198420688709028,[1.4871373167868625, 2.007082076007502, 0.6682120490073613]]
[[35, 5, 1],0.03563166870217424,[5.3763936839364534, 1.2228820475486055, 0.6238857912090163]]
[[35, 5, 0],0.047498810346356016,[1.3031977064603857, 2.4991144139336106, 21.083035833185672]]
[[35, 4, 4],0.02646398840986363,[3.1224388867898316, 3.1560757907096324, 0.4373214450304161]]
[[35, 4, 3],0.04187014955348326,[3.115039293520901, 3.1288561261912737, 0.47821374818341794]]
[[35, 4, 2],0.049858045931388977,[1.6322109358352164, 1.6216231896109192, 0.5935742578021865]]
[[35, 4, 1],0.02072448612189348,[2.0464552394144437, 0.28202675870384836, 14.806575147353705]]
[[35, 4, 0],0.04012289057186836,[2.2227252610015413, 0.6285176982101363, 16.957987639878837]]
[[35, 3, 3],0.039377566503425124,[3.1192244217987306, 3.1932504165340716, 0.4795151683996357]]
[[35, 3, 2],0.03506715015238255,[4.716323643300804, 1.9555475545567664, 0.3720344760321611]]
[[35, 3, 1],0.02655552769758167,[6.509394959833077, 1.125476376702701, 1.0452842461890162]]
[[35, 3, 0],0.04982704058674389,[3.4572851426979923, 0.8074184892989176, 11.708237733270034]]
[[35, 2, 2],0.03740928216752687,[1.0325333478737992, 1.7845040953438773, 0.3275094103733625]]
[[35, 2, 1],0.03320221197874503,[1.9079407820968826, 7.140641759483655, 1.1404858231414652]]
[[35, 2, 0],0.011417424698102703,[3.3250665209391994, 0.7545121238829916, 6.44875248208202]]
[[35, 1, 1],0.027996515234200887,[1.2395382513837807, 8.89800431083004, 0.7310439360450671]]
[[35, 1, 0],0.03534030821228249,[0.796378535672679, -3.533462449720735, 18.058925210359842]]
[[35, 0, 0],0.01694184222848527,[1.51507413262522, 1.5152548093288272, 33.93372665608728]]
[[36, 36, 36],0.03396574518713638,[2.3223132838409573, 0.9415838486084108, 61.2920254447277]]
[[36, 36, 35],0.03423660749130613,[2.331620266672415, 0.9401660253252327, 60.02080875680527]]
[[36, 36, 34],0.03452581184547061,[2.3412988761844935, 0.9387049094710478, 58.7387145658809]]
[[36, 36, 33],0.034835106254222724,[2.35136801549476, 0.9371990286049804, 57.445160946483014]]
[[36, 36, 32],0.03516646045027155,[2.3618477716640225, 0.9356468573583367, 56.1395270686073]]
[[36, 36, 31],0.03552210180869523,[2.3727595047516634, 0.9340468162817281, 54.821150045685776]]
[[36, 36, 30],0.02193532548534946,[0.9135035886637387, 2.897966979876651, 69.38176702338538]]
[[36, 36, 29],0.022307308744642075,[0.9111680265954607, 2.90891229043981, 67.58329396240754]]
[[36, 36, 28],0.02391443346843579,[2.245814317314305, 0.859149327443105, 8.631538032986581]]
[[36, 36, 27],0.028091258803621795,[2.693656733501011, 0.601684895519812, 0.3154791733962632]]
[[36, 36, 26],0.023647460697169213,[0.904050473275586, 2.9416657075454196, 61.933652125400165]]
[[36, 36, 25],0.02418436879714407,[0.9016541537269703, 2.9524569918936714, 59.96508090765373]]
[[36, 36, 24],0.024775957715569223,[0.8992523413736151, 2.9631380879654734, 57.95410481127212]]
[[36, 36, 23],0.025429429324811126,[0.8968486665425437, 2.973683333212631, 55.90122785834498]]
[[36, 36, 22],0.026153259479245784,[0.8944465553161223, 2.98406923583662, 53.80716406596174]]
[[36, 36, 21],0.026957501545677272,[0.8920491959198391, 2.9942747421719247, 51.67281913138515]]
[[36, 36, 20],0.027854181540349417,[0.8896595180709399, 3.004281398393478, 49.49926858938266]]
[[36, 36, 19],0.02885781849978469,[0.887280182888901, 3.014073441743084, 47.28773372186954]]
[[36, 36, 18],0.027427112691865492,[0.9916816784093808, 2.3107363857561753, 4.2770530031846175]]
[[36, 36, 17],0.031260914353902165,[0.8825618734031261, 3.0329639986168795, 42.756170929077975]]
[[36, 36, 16],0.03270945558148658,[0.8802269777114888, 3.0420440396130743, 40.439083298081826]]
[[36, 36, 15],0.02223798504836629,[2.2538894939634346, 0.9923058689353147, 0.22226815895863694]]
[[36, 36, 14],0.013543191998913205,[1.7594560601639124, 1.6212916159624169, 0.1542209789025324]]
[[36, 36, 13],0.015282566104035538,[1.5844792041812492, 2.0887673031126104, 0.9608215768304215]]
[[36, 36, 12],0.04110205107656671,[0.8710907401930155, 3.075815410097892, 30.864944786064626]]
[[36, 36, 11],0.01968952242688389,[2.1360547155770178, 1.4203315127635954, 0.639430379574323]]
[[36, 36, 10],0.024518371373895554,[1.3858989673817232, 2.1108694990666703, 0.8065361347271996]]
[[36, 36, 9],0.025635530047320713,[1.5081115082648162, 2.0920974575168754, 1.125426437670809]]
[[36, 36, 8],0.02787046980149023,[1.6115072552058505, 2.084718239057375, 1.392116994343747]]
[[36, 36, 7],0.029682717123302796,[1.9962673389407453, 1.9834875434545247, 2.257934333735639]]
[[36, 36, 6],0.032556640444400015,[1.6926754444585395, 1.6729021590434725, 0.3361393055248078]]
[[36, 36, 5],0.028944947873308494,[2.9098798547376705, 2.7313279624565228, 0.44948869307468947]]
[[36, 36, 4],0.034011252078392354,[1.3180589479909912, 1.3502808812097444, 0.10457058492742768]]
[[36, 36, 3],0.03580213798801265,[2.282041084285904, 2.21302221464131, -1.207541102348172]]
[[36, 36, 2],0.01170073521648363,[1.335387843711715, 2.0000063536049653, 49.28741879737693]]
[[36, 36, 1],0.011714411296440849,[1.3336232628855837, 1.9995751378922155, 48.67054976899711]]
[[36, 36, 0],0.011718750128580428,[1.3334115998759348, 1.9999997058043415, 47.99419845088838]]
[[36, 35, 35],0.020708231879178755,[0.9255130852022468, 2.8343908120453234, 77.29468385423293]]
[[36, 35, 34],0.02095036655912598,[0.9233471337356483, 2.845018665947567, 75.71460790743751]]
[[36, 35, 33],0.021213036847886342,[0.921139793173679, 2.855814434783961, 74.09818103143999]]
[[36, 35, 32],0.021498394233957694,[0.9188939937398561, 2.8667536208671303, 72.44395910964613]]
[[36, 35, 31],0.021808859386307927,[0.916612966253558, 2.877809505661898, 70.75061972754878]]
[[36, 35, 30],0.03592765884102994,[2.3839724729897784, 0.9320781437550005, 53.47778388249554]]
[[36, 35, 29],0.036340365017719395,[2.3958064803496395, 0.930371765885712, 52.131983778375954]]
[[36, 35, 28],0.03678609114317276,[2.4081448534616516, 0.9286123153729924, 50.77117027103874]]
[[36, 35, 27],0.037268629697601786,[2.4210151028693985, 0.9267979694189893, 49.39447456134503]]
[[36, 35, 26],0.023847491126705107,[0.9048083190425251, 2.933796385412184, 61.66265534240666]]
[[36, 35, 25],0.02438112888523479,[0.9023950953139719, 2.944917179118735, 59.71679317796885]]
[[36, 35, 24],0.024969340338979223,[0.899973761678243, 2.955941101938626, 57.727911704980706]]
[[36, 35, 23],0.025619339621403326,[0.8975481341641836, 2.9668399981525826, 55.696371153242474]]
[[36, 35, 22],0.026339615702026257,[0.895121862838924, 2.9775878025553237, 53.62275962783669]]
[[36, 35, 21],0.02714023563978012,[0.8926983763382466, 2.9881608312648003, 51.50787526704053]]
[[36, 35, 20],0.04215647638787487,[2.5287416037538875, 0.9123916985729821, 39.22521988650554]]
[[36, 35, 19],0.029033160135035336,[0.8878722188824045, 3.0087011592440094, 47.15840863634263]]
[[36, 35, 18],0.03015771768136715,[0.8854751128992179, 3.018634780016624, 44.926277992185774]]
[[36, 35, 17],0.03142875786705975,[0.8830919290483906, 3.0283263054351917, 42.657724990786704]]
[[36, 35, 16],0.03287354315996689,[0.8807248296906879, 3.037765816777057, 40.354247884497816]]
[[36, 35, 15],0.03452655904458893,[0.8783757999684616, 3.04694591510749, 38.017406354827614]]
[[36, 35, 14],0.03608286172502772,[2.1194364351512722, 0.8076547014096028, 0.33807831449176806]]
[[36, 35, 13],0.038647997269045324,[0.8737395529817285, 3.064509135578504, 33.250034443090506]]
[[36, 35, 12],0.041251332134875536,[0.8714564564920219, 3.072887186666419, 30.822725428660238]]
[[36, 35, 11],0.019080153553043766,[1.6103346143771977, 2.0643735567660624, 1.3536473183341673]]
[[36, 35, 10],0.021479706703785996,[1.5144997777014613, 2.047790915076731, 0.6856257923711779]]
[[36, 35, 9],0.029846794803841774,[1.6145785408187057, 1.5494834186167958, 0.8655531336487855]]
[[36, 35, 8],0.027546656314781273,[1.9611968501778467, 2.156127421937816, 3.4816436105670356]]
[[36, 35, 7],0.030826040137133026,[1.9767509802821281, 2.0237529646842254, 2.561446718862051]]
[[36, 35, 6],0.03389944050579504,[1.8166703060090579, 1.8272499052395577, 0.9284074597993476]]
[[36, 35, 5],0.03210294455600517,[1.3466861155464798, 1.3108525219145684, -6.207903361728576]]
[[36, 35, 4],0.02959711852926061,[1.8535065309604675, 1.800964757634548, -2.5806532629606567]]
[[36, 35, 3],0.0248915087627774,[1.865288457602883, 2.0212488274545772, 11.788324605032894]]
[[36, 35, 2],0.036037191451408435,[1.9108585430947227, 2.015659352391426, 7.742381496439942]]
[[36, 35, 1],0.01187225754054386,[1.334534867408842, 1.9859391829197022, 48.016658185484715]]
[[36, 35, 0],0.012034521306266099,[1.3333429664487746, 1.9984397032848669, 46.691039275593745]]
[[36, 34, 34],0.021188150918494034,[0.9241856318108467, 2.8346407490882335, 75.2299788822514]]
[[36, 34, 33],0.021448515084503007,[0.9219849722272395, 2.845604860375906, 73.63643891383518]]
[[36, 34, 32],0.025719083365422665,[0.5762421103230215, 2.2609706713732916, -0.9111536170312665]]
[[36, 34, 31],0.014440013040376488,[2.3444828207034933, 0.6349174374717051, -6.3836512037926605]]
[[36, 34, 30],0.03595175203355361,[2.3838182717300853, 0.9317471987509396, 53.46568254498508]]
[[36, 34, 29],0.022741006585634854,[0.912802097385344, 2.890853638861142, 66.87741865984384]]
[[36, 34, 28],0.03681138236845997,[2.4079663275191687, 0.9282693883270124, 50.75956848887798]]
[[36, 34, 27],0.03729456518270138,[2.420823823421847, 0.9264488867738302, 49.3831333027128]]
[[36, 34, 26],0.024062282591557047,[0.905616157907528, 2.9254123259775158, 61.37234508079376]]
[[36, 34, 25],0.024592371161035857,[0.9031851992810034, 2.9368772522911613, 59.45062874580244]]
[[36, 34, 24],0.02517691246249899,[0.9007432874354828, 2.9482607558375173, 57.48528688450533]]
[[36, 34, 23],0.03969493688476172,[2.4781868567482905, 0.9185781000544867, 43.69894810820871]]
[[36, 34, 22],0.02653953826101295,[0.8958425524169424, 2.970662413154615, 53.42478372949275]]
[[36, 34, 21],0.027336208022466085,[0.8933912882189573, 2.981625145759051, 51.33074393002408]]
[[36, 34, 20],0.02822519852743977,[0.8909441059160116, 2.99239636742088, 49.19529118115217]]
[[36, 34, 19],0.04320786874976363,[2.546806589200519, 0.9096628511855998, 37.67234941585264]]
[[36, 34, 18],0.038498407750882646,[2.4116437721313218, 0.9454747464914529, 7.338264542701178]]
