[[9, 5, 0],0.081708]
[[9, 5, 5],0.082307]
[[8, 4, 0],0.101573]
[[8, 2, 1],0.110887]
[[8, 2, 0],0.017664]
[[10, 1, 0],0.098864]
[[9, 9, 2],0.080125]
[[9, 9, 9],0.081004]
[[9, 4, 0],0.101049]
[[9, 2, 0],0.017815]
[[9, 2, 1],0.109027]
[[10, 2, 1],0.107612]
[[10, 2, 0],0.017933]
[[7, 7, 2],0.088008]
[[7, 7, 7],0.095865]
[[10, 9, 8],0.083382]
[[9, 3, 0],0.012481]
[[10, 3, 0],0.079704]
[[10, 3, 1],0.084401]
[[10, 5, 0],0.081311]
[[8, 1, 0],0.098458]
[[8, 1, 1],0.152812]
[[8, 8, 8],0.091112]
[[10, 7, 3],0.068262]
[[9, 7, 2],0.076075]
[[9, 1, 1],0.150976]
[[9, 1, 0],0.098685]
[[8, 8, 2],0.091819]
[[10, 4, 1],0.070193]
[[10, 4, 0],0.100614]
[[8, 5, 0],0.082182]
[[8, 6, 4],0.083784]
[[8, 3, 0],0.133643]
[[8, 8, 7],0.096367]
[[18, 5, 0],0.079542]
[[18, 5, 1],0.054797]
[[12, 10, 10],0.070245]
[[12, 12, 12],0.060768]
[[18, 1, 0],0.099555]
[[18, 1, 1],0.067347]
[[18, 7, 0],0.057528]
[[14, 12, 11],0.061205]
[[14, 12, 12],0.058861]
[[20, 7, 0],0.057306]
[[20, 5, 1],0.054181]
[[20, 5, 0],0.001873]
[[20, 3, 0],0.006757]
[[14, 14, 10],0.061170]
[[15, 4, 2],0.058276]
[[12, 12, 9],0.069447]
[[12, 10, 9],0.068189]
[[19, 15, 13],0.012758]
[[15, 2, 2],0.067034]
[[16, 15, 11],0.055741]
[[17, 2, 1],0.102883]
[[17, 2, 2],0.002219]
[[17, 4, 0],0.003241]
[[17, 4, 1],0.064958]
[[11, 11, 9],0.072408]
[[11, 11, 11],0.066289]
[[19, 6, 0],0.066595]
[[16, 11, 11],0.014539]
[[19, 2, 2],0.009428]
[[11, 8, 3],0.064081]
[[14, 4, 0],0.099424]
[[14, 4, 2],0.058838]
[[13, 6, 0],0.067554]
[[13, 2, 0],0.018172]
[[13, 2, 2],0.065476]
[[11, 1, 1],0.148427]
[[11, 1, 0],0.099009]
[[11, 5, 0],0.080974]
[[11, 3, 2],0.069206]
[[11, 3, 1],0.068736]
[[11, 3, 0],0.132180]
[[13, 5, 0],0.080431]
[[13, 11, 10],0.066881]
[[14, 5, 0],0.080210]
[[14, 3, 0],0.006599]
[[14, 3, 1],0.080886]
[[14, 1, 0],0.099313]
[[14, 1, 1],0.146101]
[[17, 7, 0],0.057655]
[[15, 5, 0],0.001791]
[[15, 3, 2],0.067663]
[[15, 3, 0],0.006635]
[[17, 5, 1],0.055173]
[[17, 5, 0],0.001830]
[[13, 12, 12],0.059691]
[[12, 2, 1],0.105603]
[[12, 2, 0],0.018107]
[[12, 2, 2],0.082365]
[[12, 6, 0],0.067789]
[[15, 7, 0],0.057950]
[[16, 7, 0],0.057795]
[[16, 1, 0],0.286515]
[[16, 1, 1],0.145078]
[[16, 3, 0],0.008062]
[[16, 3, 1],0.069493]
[[16, 5, 0],0.001812]
[[16, 5, 1],0.055607]
[[19, 5, 1],0.054470]
[[19, 5, 0],0.079414]
[[15, 1, 1],0.014094]
[[15, 1, 0],0.099386]
[[18, 3, 0],0.006717]
[[18, 3, 1],0.079152]
[[20, 1, 1],0.004852]
[[20, 1, 0],0.099638]
[[18, 4, 1],0.009961]
[[18, 4, 0],0.003260]
[[20, 6, 0],0.001174]
[[20, 4, 0],0.003292]
[[20, 2, 2],0.009473]
[[20, 2, 1],0.101968]
[[12, 11, 9],0.071351]
[[15, 13, 12],0.056424]
[[12, 4, 0],0.003093]
[[11, 10, 9],0.074762]
[[19, 1, 1],0.143978]
[[19, 1, 0],0.099599]
[[19, 3, 1],0.069727]
[[19, 3, 0],0.006738]
[[19, 4, 0],0.059555]
[[19, 4, 1],0.010003]
[[13, 4, 0],0.099661]
[[13, 4, 1],0.067084]
[[14, 2, 1],0.016409]
[[17, 1, 1],0.144665]
[[17, 3, 1],0.069582]
[[17, 3, 0],0.006693]
[[17, 3, 2],0.005492]
[[12, 11, 11],0.065012]
[[17, 6, 0],0.066850]
[[15, 6, 0],0.067163]
[[15, 4, 0],0.058705]
[[15, 2, 0],0.000636]
[[14, 13, 10],0.062530]
[[14, 13, 11],0.059498]
[[11, 9, 9],0.077772]
[[11, 9, 3],0.066310]
[[14, 7, 0],0.058123]
[[13, 1, 1],0.146744]
[[13, 1, 0],0.099228]
[[13, 3, 1],0.016716]
[[13, 3, 0],0.006558]
[[13, 3, 2],0.068943]
[[11, 2, 0],0.018028]
[[11, 2, 1],0.106499]
[[11, 6, 0],0.068058]
[[11, 4, 0],0.100247]
[[12, 1, 0],0.285421]
[[12, 1, 1],0.066086]
[[12, 3, 0],0.131839]
[[12, 3, 1],0.068951]
[[12, 3, 3],0.063895]
[[12, 5, 0],0.080684]
[[16, 2, 1],0.103274]
[[16, 2, 2],0.009083]
[[16, 4, 2],0.057799]
[[16, 4, 1],0.009861]
[[16, 4, 0],0.003219]
[[16, 6, 0],0.066998]
[[14, 6, 0],0.067347]
[[18, 2, 1],0.102540]
[[15, 15, 11],0.056259]
