[[9, 5, 0], 0.041368, [1.3034045453342193, 2.4003548183499808, 21.163656208020686]]
[[9, 5, 0], 0.041368, [1.3034045450932226, 2.40035481921125, 21.16365621256816]]
[[9, 5, 5], 0.050024, [2.568762906315844, 1.3894464450241761, 1.973993913912496]]
[[8, 4, 0], 0.054113, [1.3000743581060645, 2.398213486984164, 16.848594007484305]]
[[8, 2, 1], 0.063230, [5.770544724164756, 1.0990051932101461, 0.9510113490399134]]
[[8, 2, 0], 0.067369, [0.9214806448012007, 6.850273995196653, 11.339453639631493]]
[[10, 1, 0], 0.043955, [0.8304427959806578, 5.161682498438487, 4.1803395734466]]
[[9, 9, 2], 0.045620, [1.373343479236169, 2.002220471689979, 12.950174214578782]]
[[9, 9, 9], 0.044601, [1.243636506715873, 1.731556547809118, 24.891510313761042]]
[[9, 4, 0], 0.055396, [1.2998293034244937, 2.4138647275263265, 16.83151365515769]]
[[9, 2, 0], 0.060569, [2.4192546054007216, 7.394808340635844, 3.7751638447745988]]
[[9, 2, 1], 0.062685, [5.759276758893769, 1.1248250704307474, 0.9626389081681208]]
[[10, 2, 1], 0.040839, [4.7828009290253535, 1.633778674567669, 0.44371023672463006]]
[[10, 2, 0], 0.053296, [0.41968045256953157, 7.216351065977028, 20.309163229646735]]
[[7, 7, 2], 0.075908, [3.4819853711126787, 3.005575801986394, 0.4822557630706159]]
[[7, 7, 7], 0.064279, [1.3117020193248328, 2.1459865023263522, 21.272309245537635]]
[[10, 9, 8], 0.047854, [1.445763486771752, 2.3439471246924737, 27.092429471036144]]
[[9, 3, 0], 0.070248, [2.1758855779957806, 8.845656840833271, 4.997450598523324]]
[[10, 3, 0], 0.046810, [2.204382513025356, 0.6515655995531784, 13.514989999853238]]
[[10, 3, 1], 0.068462, [0.8261366739111833, 7.073580240946176, 5.209330302586243]]
[[10, 5, 0], 0.042494, [1.3031750116145477, 2.4173963839041983, 21.133208185035038]]
[[8, 1, 0], 0.060439, [2.184581242057368, 0.6047449293455145, 6.299314586760373]]
[[8, 1, 1], 0.063993, [2.7408621010852317, 5.730173676888639, 0.6720385688963458]]
[[8, 8, 8], 0.060283, [0.8428836269576414, 2.1308939261598088, 0.7262764868329268]]
[[10, 7, 3], 0.044777, [1.4814558633644435, 1.8953108175337046, 12.67481759842512]]
[[9, 7, 2], 0.052898, [1.6403619177416078, 1.9751560169689006, 7.81411324353452]]
[[9, 1, 1], 0.064710, [2.7216633734573272, 5.732763269865096, 0.6744700794242023]]
[[9, 1, 0], 0.062470, [1.3977114071555417, 6.8750755207531915, 3.8014500956758686]]
[[8, 8, 2], 0.053292, [1.6135161227337897, 2.0360767847167165, 7.8750609619479865]]
[[10, 4, 1], 0.050427, [4.715554680002798, 6.625446196547958, 0.13642165866026043]]
[[10, 4, 0], 0.056327, [1.29970004123817, 2.425488384368267, 16.821908372876386]]
[[8, 5, 0], 0.043869, [3.090437886157239, 8.517154624884196, 5.940703167155779]]
[[8, 6, 4], 0.053661, [1.554504183963535, 1.9403210516191771, 1.0676149692436019]]
[[8, 3, 0], 0.077858, [1.2959882089527877, 2.40238446540408, 12.549068635784758]]
[[8, 8, 7], 0.057525, [1.3872543158881148, 2.3972549271864563, 23.19548741260723]]
[[18, 5, 0], 0.045956, [1.3029771589753805, 2.4728353291092704, 21.083702634268]]
[[18, 5, 1], 0.020905, [0.8234022749857276, 9.297440651496581, 7.987662797930434]]
[[12, 10, 10], 0.045188, [1.128194221525842, 0.9461452192730422, 24.89051899249193]]
[[12, 12, 12], 0.022645, [2.4002747356415326, 2.731693908254517, 15.435676123962399]]
[[18, 1, 0], 0.023986, [3.122052254052895, 0.7018267670441316, 4.843127002314873]]
[[18, 1, 1], 0.027483, [1.2600797271419013, 8.894102519072835, 0.7187945510759663]]
[[18, 7, 0], 0.030967, [1.3081675591107014, 2.4706273535734433, 29.665484692652022]]
[[14, 12, 11], 0.019291, [1.4564352014236843, 2.2343591805781102, 2.221272918527035]]
[[14, 12, 12], 0.035313, [1.3068136112426763, 1.8783288601260824, 38.005954593581514]]
[[20, 7, 0], 0.031372, [1.308193875825796, 2.479923068556654, 29.656256822516166]]
[[20, 5, 1], 0.021019, [0.8243845942491247, 9.298193919027309, 7.986770744487805]]
[[20, 5, 0], 0.027764, [1.886620261085346, 13.742770875879911, 10.20635356880565]]
[[20, 3, 0], 0.016009, [1.20146445113326, 10.652170517611427, 20.373699416963518]]
[[14, 14, 10], 0.018431, [1.4943485095968276, 2.082972223420962, 0.7303863491370622]]
[[15, 4, 2], 0.055094, [1.518071134152361, 1.7079306890254693, 0.6037780287489278]]
[[12, 12, 9], 0.028159, [3.339494013145294, 0.5300377859502867, 34.50315481761007]]
[[12, 10, 9], 0.034261, [1.026991411400705, 0.9301937850640201, 17.430772193292007]]
[[19, 15, 13], 0.028276, [2.5682572944678443, 0.8657470764851607, 0.27213093198345145]]
[[15, 2, 2], 0.031983, [4.821576459528903, 1.5695250099781481, 0.2500160666075008]]
[[16, 15, 11], 0.016003, [1.6605129085343044, 2.1202714045306577, 1.8169347191401184]]
[[17, 2, 1], 0.032613, [1.914435144204472, 7.147612871823949, 1.1382409529550606]]
[[17, 2, 2], 0.023661, [6.754451947597686, 0.7669634194128763, 4.095118969381106]]
[[17, 4, 0], 0.014958, [1.2415206476656888, 7.7325132500055025, 19.800626836835967]]
[[17, 4, 1], 0.035416, [0.8250991268844196, 8.185383311875377, 6.607631061310358]]
[[11, 11, 9], 0.022686, [2.2285120700798924, 1.379331061114214, 1.669297528549522]]
[[11, 11, 11], 0.028604, [2.4086536502393487, 0.9171397150944197, 0.5098719621507416]]
[[19, 6, 0], 0.037372, [1.305812111106914, 2.47784072288636, 25.367244675632076]]
[[16, 11, 11], 0.031494, [1.5914947976158833, 2.047859527178465, 36.14731152336766]]
[[19, 2, 2], 0.038368, [5.483292733780913, 0.8443558262144468, -5.851973291137774]]
[[11, 8, 3], 0.040782, [3.3945050313468705, 2.976663134280231, 0.4483816436768678]]
[[14, 4, 0], 0.026474, [0.813924892005753, 6.999257238787498, 27.512841423964762]]
[[14, 4, 2], 0.036664, [5.532169685460827, 0.7913504675005395, -4.776660727074495]]
[[13, 6, 0], 0.035516, [1.3058181170745347, 2.4417910116594563, 25.403969434725543]]
[[13, 2, 0], 0.037501, [0.9997061068539719, 8.060348138516133, 15.903400679289282]]
[[13, 2, 2], 0.029699, [2.668964799308695, 2.70973981994264, -1.0362680451587103]]
[[11, 1, 1], 0.025776, [0.9568695360899061, 7.018094808984814, 5.785018956940674]]
[[11, 1, 0], 0.043672, [0.9672876967219075, 4.891536395849148, 4.174011670974769]]
[[11, 5, 0], 0.043323, [1.3030529327634817, 2.4302551330109035, 21.115271481880274]]
[[11, 3, 2], 0.031350, [2.6621210483329723, 2.578939942053279, -1.070573884737248]]
[[11, 3, 1], 0.026634, [6.515026664225849, 1.2013127617182333, 0.9593951637827989]]
[[11, 3, 0], 0.060900, [2.1755567767556445, 0.5907481534144227, 13.715458051603953]]
[[13, 5, 0], 0.044466, [1.3029576800295257, 2.4483914932945154, 21.096841031233538]]
[[13, 11, 10], 0.020511, [1.3811201208815245, 2.1482300310633566, 0.9102236863844769]]
[[14, 5, 0], 0.044876, [1.3029458827290763, 2.4550280949041596, 21.0919954295935]]
[[14, 3, 0], 0.038118, [0.7965002752649791, 8.263469350528318, 29.869681396151588]]
[[14, 3, 1], 0.019973, [5.762117817141474, 2.045756178759523, 1.6113419213046989]]
[[14, 1, 0], 0.037077, [0.9256186350746027, 8.138246184347965, 10.130092738132221]]
[[14, 1, 1], 0.038654, [0.9036704264689444, 8.17698553146255, 7.928572947933432]]
[[17, 7, 0], 0.030715, [1.3081599876290793, 2.4649094102166096, 29.67257316026824]]
[[15, 5, 0], 0.045216, [1.3029457043430126, 2.460575839519844, 21.088690009740965]]
[[15, 3, 2], 0.032922, [2.5699494577510107, 2.5569272257738827, -1.114483952699957]]
[[15, 3, 0], 0.036565, [2.197926945615692, 0.5941999408226543, 15.373822012792562]]
[[17, 5, 1], 0.020836, [0.8228064700357438, 9.29703361945283, 7.98829228176423]]
[[17, 5, 0], 0.045746, [1.3029636225764363, 2.4693250998998955, 21.08481197012896]]
[[13, 12, 12], 0.020347, [2.3152078991208396, 1.0629911041229356, 0.439067964870138]]
[[12, 2, 1], 0.048072, [5.03605309368809, 1.7090250797826796, 0.6127363534132407]]
[[12, 2, 0], 0.048536, [1.3217371694327462, 7.80777902243543, 14.105250895141813]]
[[12, 2, 2], 0.029282, [2.6950969648509306, 2.7165967479230546, -1.025476957971071]]
[[12, 6, 0], 0.034935, [1.305879269247973, 2.4308879729732196, 25.42252756261343]]
[[15, 7, 0], 0.030066, [1.308169994316462, 2.4503588946006056, 29.6956475539024]]
[[16, 7, 0], 0.030419, [1.3081593801906615, 2.458240086751712, 29.682237909378227]]
[[16, 1, 0], 0.038407, [0.8283139846455218, 8.235241076971173, 13.670011509279242]]
[[16, 1, 1], 0.018365, [1.1187656854143306, 6.935257068944559, 5.543149201718983]]
[[16, 3, 0], 0.036649, [2.762859801108323, 0.5622308982531395, 10.486403421541116]]
[[16, 3, 1], 0.016956, [1.631229557728331, 8.695408623759645, 1.6671228510453493]]
[[16, 5, 0], 0.045502, [1.3029525524361665, 2.4652822493835096, 21.08640412772742]]
[[16, 5, 1], 0.017564, [5.122411044388643, 0.7929842771846278, -7.943946582825843]]
[[19, 5, 1], 0.020966, [0.8239239463675212, 9.297828384638231, 7.987166868786877]]
[[19, 5, 0], 0.046140, [1.3029920472684542, 2.4759115861177983, 21.0829356207197]]
[[15, 1, 1], 0.018606, [6.554308431706674, 1.1094223004606616, -4.4181310542290815]]
[[15, 1, 0], 0.037837, [4.363084609884551, 2.1566086341498947, 2.6449282867112296]]
[[18, 3, 0], 0.026292, [0.19370552285449724, 8.605814484544766, 15.500022007197959]]
[[18, 3, 1], 0.039948, [0.04921170328344409, 10.457762030505231, 11.99213463840555]]
[[20, 1, 1], 0.036271, [5.4885469065686365, 2.13881809811865, 0.6014255640001184]]
[[20, 1, 0], 0.048246, [3.828623993173314, -11.261509450988378, 2.3127035378543908]]
[[18, 4, 1], 0.035488, [0.8254934561693277, 8.185541775302275, 6.607417609194865]]
[[18, 4, 0], 0.039554, [0.7947958611545692, 8.262261363753291, 45.92637370630831]]
[[20, 6, 0], 0.037546, [1.3058278750654415, 2.4813166876037998, 25.365569981809006]]
[[20, 4, 0], 0.028723, [2.792392813481775, 0.6100695791281721, 12.668371858213959]]
[[20, 2, 2], 0.026218, [3.2359003490528235, 4.226522780416968, 0.43406438786934504]]
[[20, 2, 1], 0.013591, [8.424874214871892, 1.2643964969142312, 1.376307714222652]]
[[12, 11, 9], 0.020633, [2.172750372250354, 1.366232471293302, 0.753181561421313]]
[[15, 13, 12], 0.018943, [0.5391662869399928, -2.4145314504288056, 16.45046613844945]]
[[12, 4, 0], 0.057586, [1.2995980484964766, 2.4416014524409144, 16.8126216562954]]
[[11, 10, 9], 0.024742, [2.2815014923221297, 1.167365732489946, 0.6186619741586029]]
[[19, 1, 1], 0.030646, [4.585763842705513, 1.252236309727382, 0.633914569451505]]
[[19, 1, 0], 0.036196, [3.3222896078937016, 0.7473684207993898, 6.470986450282076]]
[[19, 3, 1], 0.022881, [4.800328844876786, 0.6945375213020228, 0.6378178925289147]]
[[19, 3, 0], 0.027925, [3.2226920045817944, 0.9668553212714392, 9.042221178255184]]
[[19, 4, 0], 0.015165, [1.9662591046075024, 11.066622412215676, 6.549478319501642]]
[[19, 4, 1], 0.035552, [0.8258407724902944, 8.185690198372885, 6.607249101934201]]
[[13, 4, 0], 0.033211, [3.2440092960301645, 1.0397311974250765, 8.837549106156752]]
[[13, 4, 1], 0.034977, [0.8227865035354411, 8.184702652933444, 6.609389218471466]]
[[14, 2, 1], 0.033498, [5.083866514964027, 0.893738232228568, -4.326587266990712]]
[[17, 1, 1], 0.032505, [4.931178071028412, -2.320258014673911, 2.274982636032248]]
[[17, 3, 1], 0.017012, [1.6203294769239707, 8.693657442197749, 1.6875208878738222]]
[[17, 3, 0], 0.034495, [0.7613608903294685, 8.297999397185118, 20.480237105508767]]
[[17, 3, 2], 0.021366, [8.872091265096538, 5.014200506068764, 0.4502026831158467]]
[[12, 11, 11], 0.042894, [1.4673706014107586, 2.354512681929408, 35.80878665345961]]
[[17, 6, 0], 0.036944, [1.3057858880723756, 2.469356497385194, 25.372658162144422]]
[[15, 6, 0], 0.036359, [1.3057776706325692, 2.457949459739184, 25.383000019179725]]
[[15, 4, 0], 0.041064, [1.130608154325223, 7.9510120270268185, 26.67781671283732]]
[[15, 2, 0], 0.018275, [0.9199955933047256, 12.520278278663126, 1.8141363716684544]]
[[14, 13, 10], 0.036894, [1.9297783894003222, 0.8599995055087487, 0.08545633170787968]]
[[14, 13, 11], 0.020152, [2.224473125452546, 2.490610615018026, 10.158294963421078]]
[[11, 9, 9], 0.047155, [1.5375206590922985, 2.2775939282998254, 29.799146114139493]]
[[11, 9, 3], 0.041972, [3.3674572549695765, 2.9466600078145566, 0.45303455619288163]]
[[14, 7, 0], 0.029637, [1.3081988126771618, 2.4408991673988703, 29.71467344860379]]
[[13, 1, 1], 0.027250, [1.2642116020962333, 8.898908626933334, 0.7155436910079455]]
[[13, 1, 0], 0.047730, [2.1706643378001775, 0.5739954679311993, 6.4217949452843035]]
[[13, 3, 1], 0.045451, [5.032161082542483, 1.6837882306314589, 0.6335230199934654]]
[[13, 3, 0], 0.046320, [1.2429147486887329, 7.8738411543043, 22.836022762636855]]
[[13, 3, 2], 0.055624, [1.8266239162961195, 1.7884265128638883, 0.8982862533672185]]
[[11, 2, 0], 0.061342, [1.0923594147742102, 4.465914578548449, 9.019575858643627]]
[[11, 2, 1], 0.031853, [1.9618091599439003, 7.118073376616607, 1.1130360545380267]]
[[11, 6, 0], 0.034188, [1.305995000031299, 2.417096265938276, 25.45137235495888]]
[[11, 4, 0], 0.057032, [1.2996319571341917, 2.434463143312507, 16.81617906228971]]
[[12, 1, 0], 0.038750, [0.9627362632382839, 8.09911243054036, 13.060274393811286]]
[[12, 1, 1], 0.052604, [5.025360979374413, -0.8715243695014226, 0.8308611824021154]]
[[12, 3, 0], 0.029950, [2.016591950829533, 10.638059038916879, 6.351085172379184]]
[[12, 3, 1], 0.026191, [6.518337312234606, 1.1269591674773143, 1.029319084550397]]
[[12, 3, 3], 0.032639, [3.458517654553476, 3.2314054350190538, 0.44255867742555455]]
[[12, 5, 0], 0.043961, [1.3029888395550173, 2.4403105576292923, 21.10409368488239]]
[[16, 2, 1], 0.032525, [1.9164284282746653, 7.14282189891844, 1.1383157848294012]]
[[16, 2, 2], 0.030638, [2.612586088058123, 2.6951156282113073, -1.0606090739809968]]
[[16, 4, 2], 0.046030, [1.6080769716217018, 1.6100009962093196, 0.568146300846349]]
[[16, 4, 1], 0.035332, [0.8246474653891832, 8.185215741473025, 6.607905252336235]]
[[16, 4, 0], 0.045095, [1.1971290696020567, 7.893692705779837, 31.65638286230196]]
[[16, 6, 0], 0.036676, [1.3057782810264555, 2.4641052794942175, 25.376974240143443]]
[[14, 6, 0], 0.035980, [1.3057884915092626, 2.4506327315543066, 25.391553836988976]]
[[18, 2, 1], 0.032679, [1.9220626376773253, 7.143842072359584, 1.1311984916531248]]
[[15, 15, 11], 0.015687, [2.1879472628180903, 1.463765006237908, 0.9802186395257397]]
